1 1 4 3 3 2 4 2 4 1 3 4 4 1 1 3 4 2 4 1 2 3 3 2 2 4 3 3 2 1 1 1 
1.327256e+03 
2.719087e+01 
1 1 4 3 3 2 4 2 4 1 3 4 4 1 1 3 4 2 4 1 2 3 3 2 2 4 3 3 2 1 1 1 
1.327256e+03 
2.719087e+01 
1 1 4 3 3 2 4 2 4 1 3 4 4 1 1 3 4 2 4 1 2 3 3 2 2 4 3 3 2 1 1 1 
1.327256e+03 
2.719087e+01 
1 1 4 3 3 2 4 2 4 1 3 4 4 1 1 3 4 2 4 1 2 3 3 2 2 4 3 3 2 1 1 1 
1.327256e+03 
2.719087e+01 
1 1 4 3 3 2 4 2 4 1 3 4 4 1 1 3 4 2 4 1 2 3 3 2 2 4 3 3 2 1 1 1 
1.327256e+03 
2.719087e+01 
1 1 4 3 3 2 4 2 4 1 3 4 4 1 1 3 4 2 4 1 2 3 3 2 2 4 3 3 2 1 1 1 
1.327256e+03 
2.719087e+01 
1 1 4 3 3 2 4 2 4 1 3 4 4 1 1 3 4 2 4 1 2 3 3 2 2 4 3 3 2 1 1 1 
1.327256e+03 
2.719087e+01 
1 1 4 3 3 2 4 2 4 1 3 4 4 1 1 3 4 2 4 1 2 3 3 2 2 4 3 3 2 1 1 1 
1.327256e+03 
2.719087e+01 
1 1 4 3 3 2 4 2 4 1 3 4 4 1 1 3 3 2 4 1 2 3 3 2 2 4 3 3 2 1 1 1 
1.327256e+03 
2.719087e+01 
1 1 4 3 3 2 4 2 4 1 3 4 4 1 1 3 4 2 4 1 2 3 3 2 2 4 3 3 2 1 1 1 
1.327256e+03 
2.719087e+01 
1 1 4 3 3 2 4 2 4 1 3 4 4 1 1 3 4 2 4 1 2 3 3 2 2 4 3 3 2 1 1 1 
1.327256e+03 
2.719087e+01 
1 1 4 3 3 2 4 2 4 1 3 4 4 1 1 3 4 2 4 1 2 3 3 2 2 4 3 3 2 1 1 1 
1.327256e+03 
2.719087e+01 
1 1 4 3 3 2 4 2 4 1 3 4 4 1 1 3 4 2 4 1 2 3 3 2 2 4 3 3 2 1 1 1 
8.217390e+02 
2.671142e+01 
1 1 4 3 3 2 4 2 4 1 3 4 4 1 1 3 4 2 4 1 2 3 3 2 2 4 3 3 2 1 1 1 
1.327256e+03 
2.719087e+01 
1 1 4 3 3 2 4 2 4 1 3 4 4 1 1 3 4 2 4 1 2 3 3 2 2 4 3 3 2 1 1 1 
8.217390e+02 
2.671142e+01 
1 1 4 3 3 2 4 2 4 1 3 4 4 1 1 3 4 2 4 1 2 3 3 2 2 4 3 3 2 1 1 1 
6.629371e+02 
2.649668e+01 
1 1 4 3 3 2 4 2 4 1 3 4 4 1 1 3 4 2 4 1 2 3 3 2 2 4 3 3 2 1 1 1 
1.327256e+03 
2.719087e+01 
1 1 4 3 3 2 4 2 4 1 3 4 4 1 1 3 4 2 4 1 2 3 3 2 2 4 3 3 2 1 1 1 
1.327256e+03 
2.719087e+01 
1 1 4 3 3 2 4 2 4 1 3 4 4 1 1 3 4 2 4 1 2 3 3 2 2 4 3 3 2 1 1 1 
1.327256e+03 
2.719087e+01 
1 1 4 3 3 2 4 2 4 1 2 4 4 1 1 3 4 2 4 1 2 3 3 3 2 4 3 3 2 1 1 1 
1.327256e+03 
2.719087e+01 
1 1 4 3 3 2 4 2 4 1 3 4 4 1 1 3 4 2 4 1 2 3 3 2 2 4 3 3 2 1 1 1 
6.381034e+02 
2.645850e+01 
1 1 4 3 3 2 4 2 4 1 3 4 4 1 1 3 4 2 1 1 2 3 3 2 2 4 3 3 2 1 1 1 
1.327256e+03 
2.719087e+01 
1 1 4 3 3 2 4 2 4 1 3 4 4 1 1 3 4 2 4 1 2 3 3 2 2 4 3 3 2 1 1 1 
1.327256e+03 
2.719087e+01 
1 1 4 3 3 2 4 2 4 1 3 4 4 1 1 3 4 2 4 1 2 3 3 2 2 4 3 3 2 1 1 1 
1.327256e+03 
2.719087e+01 
1 2 4 3 3 2 4 2 4 1 3 4 4 1 1 3 4 2 4 1 2 3 3 2 2 4 3 3 2 1 1 1 
9.382387e+02 
2.684400e+01 
1 1 4 3 3 2 4 2 4 1 3 4 4 1 1 3 4 0 4 1 2 3 3 2 2 4 3 3 2 1 1 1 
9.638564e+02 
2.687094e+01 
1 1 4 3 3 2 4 2 0 1 3 4 4 1 1 3 4 2 4 1 2 3 3 2 2 4 3 3 2 1 1 1 
6.964119e+02 
2.654594e+01 
1 1 4 3 3 2 4 2 4 1 3 4 4 1 1 3 4 2 4 1 2 3 3 2 2 4 3 3 2 1 1 1 
1.327256e+03 
2.719087e+01 
1 1 4 3 3 3 4 2 4 1 3 4 4 1 1 3 4 2 4 1 2 3 3 2 2 4 3 3 2 1 1 1 
1.327256e+03 
2.719087e+01 
1 1 4 3 3 3 4 2 0 1 3 4 4 1 1 3 4 2 4 1 2 3 3 2 2 4 3 3 2 1 1 1 
1.310273e+03 
2.717799e+01 
1 1 4 3 1 3 4 2 4 1 3 4 4 1 1 3 4 2 4 1 2 3 3 2 2 4 3 3 2 1 1 1 
1.310273e+03 
2.717799e+01 
1 1 4 3 3 3 4 2 4 1 1 4 4 1 1 3 4 2 4 1 2 3 3 2 2 4 3 3 2 1 1 1 
1.310273e+03 
2.717799e+01 
1 1 4 3 3 3 4 2 4 1 3 4 4 1 1 3 4 2 4 1 2 3 3 2 2 4 3 3 2 1 1 1 
1.310273e+03 
2.717799e+01 
1 1 4 3 3 3 4 2 4 1 3 4 4 1 1 3 4 2 4 1 2 3 3 2 2 4 3 3 2 1 1 1 
1.182769e+03 
2.707561e+01 
1 1 4 3 3 3 1 2 4 1 3 4 4 1 1 3 4 2 4 1 2 3 3 2 2 4 3 3 2 1 1 1 
1.182769e+03 
2.707561e+01 
1 1 4 3 3 3 1 2 4 1 3 4 4 1 1 3 4 2 4 1 2 3 3 2 2 4 3 3 2 1 1 1 
1.182769e+03 
2.707561e+01 
1 1 4 3 3 3 1 2 4 1 3 4 4 1 1 3 4 2 4 1 2 3 3 2 2 4 3 3 2 1 1 1 
1.327256e+03 
2.719087e+01 
1 1 4 3 3 3 1 2 4 1 3 4 4 1 1 3 4 2 4 1 2 3 3 2 2 4 3 3 2 1 1 1 
8.781091e+02 
2.677777e+01 
1 1 4 3 3 2 4 2 4 1 3 4 4 1 1 3 4 2 4 1 2 3 3 2 2 4 3 3 2 1 1 1 
1.095663e+03 
2.699912e+01 
1 1 4 3 3 2 4 2 4 1 3 4 4 1 1 3 4 2 4 1 2 3 3 2 2 4 3 3 2 1 1 1 
5.387335e+02 
2.628922e+01 
1 1 4 3 3 2 4 2 4 1 3 1 4 1 1 3 4 2 4 1 2 3 4 2 2 4 3 3 2 1 1 1 
6.647005e+02 
2.649934e+01 
2 1 4 3 3 2 4 2 4 1 3 4 4 1 1 3 4 2 4 1 2 3 3 2 2 4 3 3 2 1 1 1 
1.128173e+03 
2.702836e+01 
2 1 4 3 3 2 4 2 4 2 3 4 4 1 1 3 4 3 4 0 2 3 3 2 2 4 3 3 2 1 1 1 
6.913436e+02 
2.653864e+01 
1 1 4 3 3 2 4 2 4 1 3 4 4 1 1 2 4 2 4 1 2 3 3 2 2 4 3 3 2 1 1 1 
1.248697e+03 
2.712986e+01 
1 1 4 3 3 2 4 2 4 1 3 4 4 1 1 3 4 3 4 0 2 3 3 2 2 4 3 3 1 1 1 1 
8.363722e+02 
2.672907e+01 
1 1 4 3 3 2 4 2 4 1 3 4 4 1 1 3 4 3 4 0 2 3 3 2 2 4 3 3 4 1 1 1 
9.069844e+02 
2.681013e+01 
1 1 4 3 3 2 4 2 4 1 3 4 4 1 1 3 4 3 4 0 2 3 3 2 2 4 3 3 2 1 1 1 
9.069844e+02 
2.681013e+01 
3 1 4 3 3 2 4 2 4 1 3 4 4 1 1 3 4 3 4 0 2 3 3 2 2 4 3 3 2 1 1 1 
1.131613e+03 
2.703140e+01 
1 1 4 3 3 2 4 2 4 1 3 4 4 1 1 3 4 3 4 0 2 3 3 2 2 4 3 3 2 1 1 1 
1.131613e+03 
2.703140e+01 
1 1 4 3 3 2 4 2 4 1 3 4 4 1 1 3 4 3 4 0 2 3 3 2 2 4 3 3 2 1 1 1 
1.131613e+03 
2.703140e+01 
1 1 4 2 3 2 4 2 4 1 3 4 4 1 1 3 4 2 4 1 2 3 3 2 2 4 3 3 2 1 1 1 
1.327256e+03 
2.719087e+01 
1 1 4 2 3 2 4 2 4 1 3 4 4 1 1 3 4 2 4 1 2 3 3 2 2 4 3 3 2 1 1 1 
1.327256e+03 
2.719087e+01 
1 1 4 2 3 2 4 2 4 1 3 4 4 1 1 3 4 2 4 1 2 3 3 2 2 4 3 3 2 1 1 1 
1.327256e+03 
2.719087e+01 
1 1 4 2 3 2 4 2 4 1 3 4 4 4 1 3 4 2 4 1 2 3 3 2 2 4 3 3 2 1 1 1 
1.127061e+03 
2.702737e+01 
4 1 4 2 3 2 4 2 4 1 3 4 4 1 1 3 4 2 4 1 2 3 3 2 2 4 3 3 2 1 1 1 
1.327256e+03 
2.719087e+01 
1 1 4 2 3 2 4 2 4 1 3 4 4 1 1 3 4 2 4 1 2 3 3 2 2 4 3 3 2 1 1 1 
1.327256e+03 
2.719087e+01 
1 1 4 2 3 2 4 2 4 1 3 4 4 1 1 3 4 2 4 1 2 3 3 2 2 4 3 3 2 1 1 1 
1.327256e+03 
2.719087e+01 
1 1 4 2 3 2 4 2 4 1 3 4 4 1 1 3 4 2 4 1 2 3 3 2 2 4 3 3 2 1 1 1 
1.327256e+03 
2.719087e+01 
1 1 4 2 3 2 4 2 4 1 3 4 4 1 1 3 4 2 4 1 2 3 3 2 2 4 3 3 2 1 1 1 
1.327256e+03 
2.719087e+01 
1 1 4 2 3 2 4 2 4 1 3 4 4 1 1 3 0 2 4 1 2 3 3 2 2 4 3 3 2 1 1 1 
1.327256e+03 
2.719087e+01 
1 1 4 2 3 2 4 2 4 1 3 4 4 1 1 3 4 2 4 1 2 3 3 2 2 4 3 3 2 1 1 1 
1.327256e+03 
2.719087e+01 
1 1 4 2 3 2 4 2 4 1 3 4 4 1 1 3 4 2 4 1 2 3 3 1 2 4 3 3 2 1 1 1 
1.327256e+03 
2.719087e+01 
1 1 4 2 3 2 4 2 4 1 3 4 4 1 1 3 4 2 4 1 2 3 3 2 2 3 3 3 2 1 1 1 
1.327256e+03 
2.719087e+01 
1 1 4 2 3 2 4 2 4 1 3 3 4 1 1 3 4 2 4 1 2 3 3 2 2 4 3 3 2 1 1 1 
1.215605e+03 
2.710300e+01 
1 1 4 2 3 2 4 2 4 1 3 4 4 1 1 0 4 2 4 1 2 3 3 2 2 4 3 3 2 1 1 1 
1.115802e+03 
2.701733e+01 
1 1 4 2 3 2 4 2 4 1 3 4 4 1 1 3 4 2 4 1 2 3 3 2 2 4 3 3 2 1 1 1 
1.115802e+03 
2.701733e+01 
1 1 4 2 3 2 4 2 4 1 3 4 4 1 1 3 4 2 4 1 2 3 3 2 2 4 3 3 2 1 1 1 
1.025606e+03 
2.693304e+01 
1 1 4 2 3 2 4 2 4 1 3 4 4 1 1 3 4 2 4 1 2 3 3 2 2 4 3 3 2 1 1 1 
1.327256e+03 
2.719087e+01 
1 1 4 2 3 2 4 2 4 1 3 4 4 1 1 3 4 2 4 1 2 3 3 2 2 4 3 3 2 1 1 1 
1.327256e+03 
2.719087e+01 
1 1 4 2 3 2 4 2 4 1 3 4 4 1 1 3 4 2 4 1 2 3 3 2 2 4 3 3 2 1 1 1 
1.327256e+03 
2.719087e+01 
1 1 4 2 3 2 4 2 4 1 3 4 4 1 1 3 4 2 4 1 2 3 3 2 2 1 3 3 0 1 1 1 
1.327256e+03 
2.719087e+01 
1 3 4 2 3 2 1 2 4 1 3 4 4 1 1 3 4 2 4 1 2 3 3 2 2 4 3 3 2 1 1 1 
1.327256e+03 
2.719087e+01 
1 1 4 2 3 2 4 2 4 1 3 4 4 1 1 3 4 2 4 1 2 3 3 2 2 4 3 3 2 1 1 1 
9.102156e+02 
2.681368e+01 
1 1 4 2 3 2 4 2 4 1 3 4 4 1 1 3 4 2 4 1 2 3 3 2 2 4 3 3 2 1 1 1 
1.327256e+03 
2.719087e+01 
1 1 4 2 3 2 4 2 4 1 3 4 4 1 1 3 4 2 4 1 2 3 3 2 2 4 3 3 2 1 1 1 
1.327256e+03 
2.719087e+01 
1 1 4 2 3 2 4 2 4 1 3 4 4 1 1 3 4 2 4 1 2 3 3 2 2 4 3 3 2 1 1 1 
1.327256e+03 
2.719087e+01 
1 1 4 2 3 2 4 2 4 1 3 4 4 1 1 3 4 2 4 1 2 3 3 2 2 4 3 3 2 1 1 0 
1.327256e+03 
2.719087e+01 
1 1 4 3 3 2 4 2 4 1 3 4 4 1 1 3 4 2 4 1 2 3 3 2 2 4 3 3 2 1 1 1 
1.327256e+03 
2.719087e+01 
1 1 4 3 3 2 4 2 4 1 3 4 4 1 1 3 4 2 4 2 2 3 3 2 2 4 3 3 2 1 1 1 
1.327256e+03 
2.719087e+01 
1 1 4 3 3 2 4 2 4 1 3 4 4 1 1 3 4 2 4 1 2 3 3 2 2 4 3 2 2 1 1 1 
1.327256e+03 
2.719087e+01 
1 1 4 3 3 2 4 2 4 1 3 4 4 1 1 3 4 2 4 1 2 3 3 2 2 4 3 3 2 1 1 1 
1.056482e+03 
2.696270e+01 
1 1 4 3 3 2 4 2 4 1 3 4 4 1 1 3 4 2 4 1 2 3 3 2 2 4 3 3 2 1 1 1 
1.056482e+03 
2.696270e+01 
1 1 4 3 3 2 4 2 4 1 3 4 4 1 1 3 4 2 4 1 2 3 3 2 2 4 3 3 2 1 1 1 
1.327256e+03 
2.719087e+01 
1 1 4 3 3 2 4 2 4 1 3 4 4 1 1 3 4 2 4 1 2 3 3 0 2 4 3 3 2 1 1 1 
1.327256e+03 
2.719087e+01 
1 1 4 2 3 2 4 2 4 1 3 2 4 1 1 3 4 2 4 1 2 4 3 2 2 4 3 3 2 1 1 1 
1.327256e+03 
2.719087e+01 
1 1 4 2 3 2 4 2 4 1 3 2 4 1 1 3 4 2 4 1 2 4 3 2 2 4 3 3 2 1 1 1 
1.327256e+03 
2.719087e+01 
1 1 4 2 3 2 4 2 4 1 3 2 4 1 1 3 4 2 4 1 2 4 3 2 2 4 3 3 2 1 1 1 
1.327256e+03 
2.719087e+01 
2 1 4 2 3 2 4 2 4 1 3 2 4 1 1 3 4 2 4 1 2 4 3 2 2 4 3 3 2 1 1 1 
1.095356e+03 
2.699883e+01 
1 1 4 3 3 2 4 2 4 1 3 4 2 1 1 3 4 2 4 1 2 3 3 2 2 4 3 3 2 1 1 1 
1.090753e+03 
2.699462e+01 
1 1 4 3 3 2 4 2 4 1 3 4 2 1 1 3 4 2 4 1 2 3 3 2 2 4 3 3 2 1 1 1 
1.090753e+03 
2.699462e+01 
1 1 4 3 3 2 4 2 4 1 3 4 2 1 1 3 4 2 4 1 2 3 3 2 2 4 3 3 2 1 1 1 
1.090753e+03 
2.699462e+01 
1 1 4 3 3 2 4 2 4 1 3 4 2 1 1 3 4 2 4 1 2 3 3 2 2 4 3 3 2 1 1 1 
1.090753e+03 
2.699462e+01 
1 1 4 3 3 2 4 2 4 1 3 4 4 1 1 3 4 2 4 1 2 3 3 1 2 4 3 3 2 0 1 1 
1.090753e+03 
2.699462e+01 
1 1 4 3 3 2 4 2 4 1 3 4 4 1 1 3 4 2 4 1 2 3 3 2 2 4 3 3 0 0 1 1 
9.021046e+02 
2.680473e+01 
1 1 4 3 3 2 4 2 4 1 3 4 4 1 1 3 4 2 4 1 2 3 3 2 2 4 3 3 2 1 1 1 
7.044397e+02 
2.655740e+01 
1 1 4 3 3 2 4 2 4 1 3 4 4 1 1 3 4 2 4 1 2 3 3 2 2 4 3 3 2 1 1 1 
7.044397e+02 
2.655740e+01 
1 1 4 3 3 2 4 2 4 1 3 4 4 1 1 3 4 2 4 1 2 3 3 2 2 4 3 3 2 1 1 1 
7.044397e+02 
2.655740e+01 
1 1 4 3 3 2 4 2 4 1 3 4 4 1 1 3 4 2 4 1 2 3 3 2 2 4 3 3 2 1 1 1 
1.025493e+03 
2.693293e+01 
1 1 4 3 3 2 4 2 4 1 3 4 4 1 1 3 4 2 4 1 2 3 3 2 2 4 3 3 2 1 1 1 
1.327256e+03 
2.719087e+01 
1 1 4 3 3 2 4 2 4 1 3 4 4 1 1 3 4 2 4 1 2 3 3 2 2 4 3 3 2 1 1 1 
1.327256e+03 
2.719087e+01 
