1 2 4 1 3 3 1 2 1 1 3 2 4 2 1 1 1 2 2 4 2 3 1 2 3 4 4 3 1 1 1 1 
1.049311e+03 
2.695589e+01 
1 4 4 1 3 3 1 2 1 1 3 2 4 2 1 1 1 2 2 2 2 3 1 2 3 4 4 3 2 1 1 1 
1.049311e+03 
2.695589e+01 
1 2 4 1 3 3 1 2 1 1 3 2 4 2 1 1 1 2 2 2 2 3 1 2 3 4 4 3 2 1 1 1 
1.049311e+03 
2.695589e+01 
1 2 4 1 3 3 1 2 1 1 3 2 4 2 1 1 1 2 2 2 2 3 1 2 3 4 4 3 2 1 1 1 
1.049311e+03 
2.695589e+01 
1 2 4 1 3 3 1 2 1 1 3 2 4 2 1 1 1 2 2 2 2 3 1 2 3 4 4 3 0 1 1 1 
9.029029e+02 
2.680562e+01 
1 2 4 1 3 3 1 2 1 1 3 2 4 2 1 1 1 2 2 2 2 3 1 2 3 4 4 3 2 1 1 1 
9.029029e+02 
2.680562e+01 
1 2 4 1 3 3 1 2 1 1 3 2 4 2 1 1 0 2 2 4 2 3 1 2 3 4 4 3 2 1 1 1 
1.049311e+03 
2.695589e+01 
1 2 4 1 3 3 1 2 1 1 3 2 4 2 1 1 1 2 2 4 2 3 1 2 3 4 4 3 2 1 1 1 
1.049311e+03 
2.695589e+01 
1 2 4 1 3 3 1 2 1 1 3 2 4 2 1 1 1 2 2 4 2 3 1 2 3 4 4 3 2 1 1 1 
1.049311e+03 
2.695589e+01 
1 2 4 1 3 3 1 2 1 1 3 2 4 2 1 1 1 2 2 4 2 3 1 2 3 4 4 3 2 1 1 1 
1.049311e+03 
2.695589e+01 
1 2 4 1 3 3 1 2 1 1 3 2 4 2 1 1 1 2 2 4 2 3 1 2 3 4 4 3 2 1 1 1 
7.877106e+02 
2.666913e+01 
1 2 4 1 3 3 1 2 1 1 3 2 4 2 1 1 1 2 2 4 2 3 1 2 3 4 4 3 2 1 1 1 
6.252010e+02 
2.643807e+01 
1 2 4 1 3 3 1 2 1 1 3 2 4 2 1 1 1 2 2 4 2 3 1 2 3 4 4 3 2 1 1 1 
7.999581e+02 
2.668456e+01 
1 2 4 1 3 3 1 2 1 1 3 2 4 2 1 1 1 2 2 4 2 3 1 2 3 4 4 3 2 1 1 1 
7.999581e+02 
2.668456e+01 
1 2 4 1 3 3 1 2 1 1 3 2 4 2 1 1 1 2 2 4 2 3 1 2 3 4 4 3 2 1 1 1 
1.049311e+03 
2.695589e+01 
1 2 4 1 3 3 2 2 1 1 3 2 0 2 1 1 1 2 2 4 2 3 1 2 3 4 4 3 2 1 1 1 
1.049311e+03 
2.695589e+01 
1 2 4 1 3 3 1 2 1 1 3 2 4 2 1 1 1 2 2 4 2 3 1 2 3 4 4 3 2 1 1 1 
1.049311e+03 
2.695589e+01 
1 2 4 1 3 3 1 2 1 1 3 2 4 2 1 1 1 2 2 4 2 3 1 2 3 4 4 3 2 1 1 1 
7.047456e+02 
2.655784e+01 
1 2 4 1 3 3 1 2 1 1 3 2 4 2 1 1 1 2 1 2 2 3 1 2 3 4 4 3 2 1 1 1 
9.102275e+02 
2.681369e+01 
1 2 4 1 3 3 1 2 1 1 3 2 4 2 1 1 1 2 2 4 2 3 1 2 3 4 4 3 2 1 1 1 
9.102275e+02 
2.681369e+01 
1 2 4 1 3 3 1 2 1 1 3 2 4 2 1 1 1 2 1 2 2 3 1 2 3 4 4 3 2 1 1 1 
9.102275e+02 
2.681369e+01 
1 2 4 1 3 3 1 2 1 1 3 2 4 2 1 1 1 2 1 2 2 3 1 2 3 4 4 3 2 1 1 1 
1.049311e+03 
2.695589e+01 
1 2 4 1 3 3 1 2 1 1 3 2 4 2 1 1 1 2 2 4 2 3 1 2 3 4 4 3 2 1 1 1 
1.049311e+03 
2.695589e+01 
1 2 4 1 3 3 1 2 1 1 3 2 4 1 1 1 1 2 1 2 2 3 1 2 3 4 4 3 2 1 1 1 
6.263211e+02 
2.643986e+01 
1 2 4 1 3 3 1 2 1 1 3 2 4 2 1 1 1 2 2 4 2 3 1 2 3 4 4 3 2 1 1 1 
8.109109e+02 
2.669816e+01 
1 2 4 1 3 3 1 2 1 1 3 3 4 2 1 1 1 2 2 4 2 3 1 2 3 4 4 3 2 1 1 1 
8.109109e+02 
2.669816e+01 
1 2 4 1 3 3 1 2 1 1 3 3 4 2 1 1 1 2 2 4 2 3 1 2 3 4 4 3 2 1 1 1 
1.049311e+03 
2.695589e+01 
1 2 4 1 3 3 1 2 1 1 3 3 4 2 1 1 1 2 2 4 2 3 1 2 3 4 4 3 2 1 1 1 
1.049311e+03 
2.695589e+01 
1 2 4 1 3 3 1 2 1 1 3 2 4 2 1 1 1 2 2 4 2 3 1 2 3 4 4 3 2 1 1 1 
1.049311e+03 
2.695589e+01 
1 2 4 1 3 3 1 2 1 1 3 2 4 2 1 1 1 2 2 4 2 3 1 2 3 4 4 2 2 1 1 1 
7.883656e+02 
2.666996e+01 
1 2 4 1 3 3 1 2 1 1 3 2 4 2 1 1 1 2 2 4 2 3 1 2 3 4 4 3 2 1 1 1 
1.049311e+03 
2.695589e+01 
1 2 4 1 3 3 1 2 1 1 3 2 4 2 3 1 1 2 2 4 2 3 1 2 3 4 4 3 2 1 1 1 
1.049311e+03 
2.695589e+01 
1 2 4 1 3 3 1 2 1 1 3 2 3 2 1 1 1 2 2 4 2 3 1 2 3 4 4 3 2 1 1 1 
7.754168e+02 
2.665340e+01 
1 2 4 1 3 3 1 2 1 1 3 2 4 2 1 1 1 2 2 4 2 3 1 2 3 4 4 3 2 1 1 1 
7.754168e+02 
2.665340e+01 
1 2 4 1 3 3 1 2 1 1 3 2 4 2 1 1 1 2 2 4 2 3 1 2 3 4 4 3 2 3 1 1 
7.754168e+02 
2.665340e+01 
1 2 4 1 3 3 1 2 1 1 3 2 4 2 1 1 1 2 2 4 2 3 1 2 3 4 4 3 2 1 1 1 
7.754168e+02 
2.665340e+01 
1 2 4 1 3 3 1 2 1 1 3 2 4 2 1 1 1 2 2 4 2 3 1 2 3 4 4 3 2 3 1 1 
1.049311e+03 
2.695589e+01 
1 2 4 1 3 3 1 2 1 1 3 2 4 2 1 1 1 2 2 4 2 3 1 2 3 4 4 3 2 3 1 1 
1.049311e+03 
2.695589e+01 
1 2 4 1 3 3 1 2 1 1 3 2 4 2 1 1 1 2 2 2 2 3 1 2 3 4 4 3 2 1 1 1 
1.049311e+03 
2.695589e+01 
1 2 4 1 3 3 1 2 1 1 3 2 4 2 1 1 1 2 2 2 2 3 1 2 3 4 4 3 2 1 1 1 
1.049311e+03 
2.695589e+01 
1 2 4 1 3 3 1 2 1 1 3 2 4 2 1 1 1 2 2 2 2 3 1 2 3 4 4 3 2 1 1 1 
8.183559e+02 
2.670730e+01 
1 2 4 1 3 3 1 2 1 1 3 2 4 2 1 1 1 2 2 2 2 3 1 2 3 4 4 3 2 1 1 1 
1.049311e+03 
2.695589e+01 
1 2 4 1 3 3 1 2 1 1 3 2 4 2 1 1 1 2 2 2 2 3 1 2 3 4 4 3 2 1 1 1 
1.049311e+03 
2.695589e+01 
1 2 4 1 3 3 1 2 1 1 3 2 4 2 1 1 1 2 2 2 2 3 1 2 3 4 4 3 2 1 1 1 
5.742937e+02 
2.635314e+01 
1 2 4 1 3 3 1 2 1 1 3 2 4 2 1 1 1 2 2 2 2 3 1 2 3 4 4 3 2 1 1 1 
7.767963e+02 
2.665518e+01 
1 2 4 1 3 3 1 2 1 1 3 2 4 2 1 1 1 2 2 2 2 3 1 2 3 4 4 3 2 1 1 1 
8.818112e+02 
2.678198e+01 
1 2 1 1 3 3 1 2 1 1 3 2 4 2 1 1 1 2 2 4 2 3 1 2 3 4 4 3 2 1 1 1 
1.049311e+03 
2.695589e+01 
1 2 4 1 3 3 1 2 1 1 1 2 4 2 1 1 1 2 2 2 2 3 1 2 3 4 4 3 2 1 1 1 
1.049311e+03 
2.695589e+01 
1 2 1 1 3 3 1 2 1 1 3 2 4 2 1 1 1 2 2 4 2 3 1 2 3 4 4 3 2 1 1 1 
7.694818e+02 
2.664572e+01 
1 2 4 1 3 3 1 2 1 1 3 2 4 2 1 1 1 2 2 4 2 3 1 2 3 4 4 3 2 1 1 1 
1.049311e+03 
2.695589e+01 
1 2 4 1 3 3 1 2 1 1 3 2 4 2 1 1 1 2 2 4 2 3 1 2 3 4 4 3 2 1 1 1 
1.049311e+03 
2.695589e+01 
1 2 4 1 3 3 1 2 1 1 3 2 4 2 1 1 1 2 2 4 2 3 1 2 3 4 4 3 2 1 1 1 
1.049311e+03 
2.695589e+01 
1 2 2 1 3 3 1 2 1 1 3 2 4 2 1 1 1 2 2 4 2 3 1 2 3 4 4 3 2 1 1 1 
8.608709e+02 
2.675794e+01 
1 2 4 1 3 3 1 3 1 1 3 2 4 2 1 1 1 2 2 4 2 3 1 2 3 4 4 3 2 1 1 1 
1.049311e+03 
2.695589e+01 
1 2 4 1 3 3 1 3 1 1 3 2 4 2 1 1 1 2 2 4 2 3 1 2 3 4 4 3 2 1 1 1 
1.049311e+03 
2.695589e+01 
1 2 4 1 3 3 1 2 1 1 3 2 4 2 1 1 1 2 2 4 2 3 1 2 3 4 4 3 2 1 1 1 
1.049311e+03 
2.695589e+01 
1 2 4 1 3 3 1 2 1 1 3 2 4 2 1 1 1 2 2 4 2 3 1 2 3 4 4 3 2 1 1 1 
1.049311e+03 
2.695589e+01 
1 2 4 1 3 3 1 2 1 1 3 3 4 2 1 1 1 2 2 4 2 3 1 2 3 4 4 3 2 1 1 1 
1.049311e+03 
2.695589e+01 
1 2 4 1 3 3 1 2 1 1 3 2 4 2 1 1 1 2 2 2 2 3 1 2 3 4 4 3 2 1 1 1 
7.345073e+02 
2.659920e+01 
1 2 4 1 3 3 1 2 1 1 3 2 4 2 1 1 1 2 2 4 2 3 1 2 3 4 4 3 2 1 1 1 
7.345073e+02 
2.659920e+01 
1 2 4 1 3 3 1 2 1 1 3 2 4 2 1 1 1 2 2 4 2 3 1 2 2 4 4 3 2 1 1 1 
8.491145e+02 
2.674419e+01 
1 2 4 1 3 3 1 2 1 1 3 2 4 2 1 1 1 2 2 2 2 3 1 2 3 4 4 3 2 1 1 1 
1.049311e+03 
2.695589e+01 
1 2 4 1 3 3 1 2 1 1 3 2 4 2 1 1 1 2 2 2 2 3 1 2 3 4 4 3 2 1 1 1 
8.328616e+02 
2.672487e+01 
1 2 4 1 3 3 1 2 1 1 3 2 4 2 1 1 1 2 2 2 2 3 1 2 3 4 4 3 2 1 1 1 
1.021503e+03 
2.692903e+01 
1 2 4 1 3 3 1 2 1 1 3 2 4 2 1 1 1 2 2 2 2 3 1 2 3 4 4 3 2 1 1 1 
8.671645e+02 
2.676523e+01 
1 2 4 1 3 3 1 2 1 1 3 2 4 2 1 1 1 2 2 2 2 3 1 2 3 4 4 3 2 1 1 1 
9.943087e+02 
2.690205e+01 
1 2 4 1 3 3 1 2 1 1 3 2 4 2 1 1 1 1 2 2 2 3 1 2 3 4 4 3 2 1 1 1 
9.896500e+02 
2.689735e+01 
1 2 4 1 3 3 1 2 1 1 3 2 4 2 1 1 1 2 2 2 2 3 1 2 3 4 4 3 2 1 1 1 
9.896500e+02 
2.689735e+01 
1 2 4 1 3 3 1 2 1 1 3 2 4 2 1 1 1 2 2 2 2 3 1 2 3 4 4 3 2 1 1 1 
9.896500e+02 
2.689735e+01 
1 2 1 1 3 3 1 2 1 1 3 2 4 2 1 1 1 2 2 2 2 3 1 2 3 4 4 3 2 1 1 1 
5.879952e+02 
2.637672e+01 
1 2 4 1 3 3 1 2 1 1 3 2 4 2 1 1 1 2 2 2 2 3 1 2 3 2 4 3 2 1 1 1 
9.896500e+02 
2.689735e+01 
1 2 4 1 3 3 1 2 1 1 3 2 4 2 1 1 1 2 2 2 2 3 1 2 3 4 4 3 2 1 1 1 
9.896500e+02 
2.689735e+01 
1 2 4 1 3 3 1 2 1 1 0 2 4 2 1 1 1 2 2 2 2 3 1 2 3 2 4 3 2 1 1 1 
9.896500e+02 
2.689735e+01 
1 2 4 1 3 3 1 2 1 1 3 2 4 2 3 1 1 2 2 2 2 3 1 2 3 4 4 3 2 1 1 1 
9.896500e+02 
2.689735e+01 
1 2 4 1 3 3 1 2 1 1 3 2 4 1 1 3 1 2 2 1 2 3 1 2 3 4 4 3 2 1 1 1 
9.896500e+02 
2.689735e+01 
1 2 4 1 3 3 1 2 1 1 3 2 4 2 1 3 1 2 2 4 2 3 1 2 3 4 4 3 2 1 1 1 
3.006925e+02 
2.570609e+01 
1 2 4 1 3 3 1 2 1 1 3 2 4 2 1 3 1 2 2 4 2 3 1 2 3 4 4 3 2 1 1 1 
9.896500e+02 
2.689735e+01 
1 2 4 1 3 3 1 2 1 1 3 2 4 2 1 3 1 2 2 4 2 3 1 2 3 4 4 3 2 1 1 1 
4.507498e+02 
2.611091e+01 
1 2 4 1 3 3 1 2 1 1 3 2 4 2 1 3 1 2 4 4 2 3 1 2 3 4 4 3 2 1 1 1 
7.065433e+02 
2.656038e+01 
1 2 4 1 3 3 1 2 1 1 3 2 4 2 1 3 1 2 2 4 2 3 1 2 3 4 4 3 2 1 1 1 
6.012103e+02 
2.639894e+01 
1 2 4 1 3 3 2 2 1 1 3 2 4 2 1 3 1 2 2 4 2 3 1 2 3 4 4 3 2 1 1 1 
8.044739e+02 
2.669019e+01 
1 2 4 1 3 3 2 2 1 1 3 2 4 2 1 3 1 2 2 4 2 3 1 2 3 4 4 3 2 1 1 1 
8.044739e+02 
2.669019e+01 
1 2 4 1 3 3 1 2 1 1 3 1 4 2 1 3 1 2 2 4 2 3 1 2 3 4 4 3 2 1 1 1 
1.049311e+03 
2.695589e+01 
1 2 4 1 3 3 2 2 1 1 3 2 4 2 1 3 1 2 2 4 2 3 1 2 3 4 4 3 2 1 3 1 
1.049311e+03 
2.695589e+01 
1 2 4 1 3 3 2 2 1 1 3 2 4 2 1 3 1 2 2 4 2 3 1 2 3 4 4 3 2 1 3 1 
1.049311e+03 
2.695589e+01 
1 2 4 1 1 3 1 2 1 1 3 2 4 2 1 3 1 2 2 4 2 3 1 2 3 4 4 3 2 1 3 1 
1.049311e+03 
2.695589e+01 
1 2 4 1 3 3 1 2 1 1 3 2 4 2 1 3 2 2 2 4 2 3 1 2 3 4 4 3 2 1 1 1 
1.049311e+03 
2.695589e+01 
1 2 4 1 3 3 1 1 1 1 3 2 4 2 1 1 1 2 2 4 2 3 1 2 3 4 4 3 2 1 1 1 
1.049311e+03 
2.695589e+01 
1 2 4 1 3 3 1 1 1 1 3 2 4 2 1 1 1 2 2 4 2 3 1 2 3 4 4 3 2 1 1 1 
1.049311e+03 
2.695589e+01 
1 2 4 1 3 3 1 1 1 1 3 2 4 2 1 1 1 2 2 4 2 3 1 2 3 4 4 3 2 1 1 1 
1.049311e+03 
2.695589e+01 
1 2 4 3 3 3 1 2 1 1 3 2 4 2 1 1 1 2 2 4 2 3 1 2 3 4 4 3 2 1 1 1 
1.049311e+03 
2.695589e+01 
1 2 4 3 3 3 1 2 1 1 3 2 4 2 1 1 1 2 2 4 2 3 1 2 3 4 4 3 2 1 1 1 
1.049311e+03 
2.695589e+01 
1 2 4 3 3 3 1 2 1 1 3 2 4 2 1 1 1 2 2 4 2 3 1 2 3 4 4 3 2 1 1 1 
1.049311e+03 
2.695589e+01 
1 2 4 3 3 3 1 2 1 1 3 2 4 2 1 1 1 2 2 4 2 3 1 2 3 4 4 3 2 1 2 1 
1.049311e+03 
2.695589e+01 
1 2 4 3 3 3 1 2 1 1 3 2 4 2 1 1 1 2 2 4 2 3 1 2 3 4 4 3 2 1 1 1 
8.383074e+02 
2.673138e+01 
1 2 4 3 3 3 1 2 1 1 3 2 4 2 1 1 1 2 2 4 2 3 1 2 3 4 4 3 2 1 1 1 
1.049311e+03 
2.695589e+01 
1 2 4 3 3 3 1 2 1 1 3 2 4 2 1 1 1 2 2 4 2 3 1 1 3 4 4 3 2 1 1 1 
9.029029e+02 
2.680562e+01 
1 2 4 3 3 3 1 2 1 1 3 2 4 2 1 1 1 2 2 4 2 3 1 2 3 4 4 3 2 1 1 1 
6.300341e+02 
2.644577e+01 
1 2 4 3 3 3 1 2 1 1 3 2 4 2 1 1 0 2 2 4 2 3 1 2 3 4 4 3 2 1 1 1 
6.300341e+02 
2.644577e+01 
1 2 4 3 3 3 1 2 1 1 2 2 4 2 1 1 0 2 2 4 2 3 1 2 3 4 4 3 2 1 1 1 
8.222050e+02 
2.671199e+01 
