1 2 4 3 3 2 4 2 4 2 3 1 4 1 1 3 4 2 4 1 2 3 3 2 2 4 4 3 2 1 1 1 
6.385358e+02 
2.645918e+01 
1 2 4 3 3 2 4 2 4 1 3 1 4 1 1 3 4 2 4 1 2 3 3 2 2 4 4 3 2 1 1 1 
1.178034e+03 
2.707160e+01 
1 2 4 3 3 2 4 2 4 1 3 1 4 1 1 3 4 2 4 1 2 3 3 2 2 4 4 3 2 1 1 1 
6.983652e+02 
2.654874e+01 
1 2 4 3 3 2 4 2 1 1 3 1 4 1 1 3 4 2 4 1 2 3 3 2 2 4 4 3 2 1 1 1 
1.178034e+03 
2.707160e+01 
1 2 4 3 3 2 4 2 4 1 3 1 4 1 1 3 4 2 4 1 2 3 3 2 2 4 4 3 1 4 1 1 
9.972554e+02 
2.690501e+01 
1 2 4 3 3 2 4 2 4 1 3 1 4 1 1 3 4 2 4 1 2 3 3 2 2 4 4 3 1 4 1 1 
1.363078e+03 
2.721750e+01 
1 1 4 1 3 2 4 2 4 1 3 1 4 1 1 3 4 2 1 4 2 2 3 2 2 4 3 1 2 4 1 1 
1.244414e+03 
2.712642e+01 
1 1 4 3 3 2 4 3 4 4 3 1 4 1 1 3 4 2 4 1 2 3 3 2 2 4 4 3 2 1 1 1 
8.878636e+02 
2.678882e+01 
1 1 4 3 2 2 1 2 4 1 3 1 4 1 1 3 4 2 0 1 2 3 3 2 2 4 3 3 2 1 1 1 
3.950470e+02 
2.597900e+01 
3 1 4 3 3 2 4 2 4 1 3 1 4 1 1 3 1 2 4 1 2 3 3 1 2 4 3 3 2 1 1 1 
6.520513e+02 
2.648012e+01 
1 1 4 4 3 2 4 2 4 1 3 1 4 1 1 3 4 2 4 1 2 3 3 2 2 4 3 3 2 1 1 1 
3.619554e+02 
2.589152e+01 
1 1 4 4 3 2 4 2 4 1 3 1 4 1 1 3 4 2 4 1 2 3 3 2 2 4 3 3 2 1 1 1 
6.305623e+02 
2.644661e+01 
1 1 4 4 3 2 4 2 4 1 3 1 4 1 1 3 4 2 4 1 2 3 3 2 2 4 3 3 2 1 1 1 
9.211118e+02 
2.682558e+01 
1 1 4 4 3 2 4 2 4 1 3 1 4 1 1 3 4 2 4 1 2 3 3 2 2 4 3 3 2 1 1 1 
9.211118e+02 
2.682558e+01 
1 1 4 4 3 2 4 2 4 1 3 1 4 1 1 3 4 2 4 1 2 3 3 2 2 4 3 3 2 1 1 1 
9.211118e+02 
2.682558e+01 
1 1 4 4 3 2 4 2 4 1 3 1 4 1 1 3 4 2 4 1 2 3 3 2 2 4 3 3 2 1 1 1 
1.282443e+03 
2.715652e+01 
1 1 4 4 3 2 4 2 4 1 3 1 4 1 1 3 4 2 4 1 2 3 3 2 2 4 3 3 2 1 1 1 
1.363078e+03 
2.721750e+01 
1 1 4 4 3 2 4 2 4 1 3 1 4 1 1 3 4 2 4 1 2 3 3 2 2 4 3 3 2 1 1 1 
1.363078e+03 
2.721750e+01 
3 1 4 2 3 2 4 2 4 1 3 1 4 1 1 3 4 2 4 1 2 3 3 2 2 4 3 3 2 1 1 1 
1.363078e+03 
2.721750e+01 
1 1 4 2 3 2 4 2 4 1 3 1 4 1 2 3 4 2 4 1 2 1 3 2 2 4 3 3 2 1 1 1 
1.363078e+03 
2.721750e+01 
1 1 4 2 3 2 4 2 4 1 3 1 4 1 2 3 4 2 4 1 2 3 3 2 2 4 3 3 2 1 1 1 
1.218891e+03 
2.710570e+01 
1 1 4 2 3 2 4 2 4 1 3 1 4 1 2 3 4 2 4 1 2 3 3 2 2 4 3 3 2 1 1 1 
1.218891e+03 
2.710570e+01 
1 1 4 2 3 2 4 2 4 1 3 1 4 1 2 3 4 2 4 1 2 3 3 2 2 4 3 3 2 1 1 1 
1.363078e+03 
2.721750e+01 
1 1 4 2 3 2 4 2 4 1 3 1 4 1 1 3 4 2 4 1 2 3 3 2 2 4 3 3 2 1 1 1 
9.508931e+02 
2.685740e+01 
1 1 4 2 3 2 4 2 4 1 3 1 4 1 1 3 4 2 4 1 2 3 3 2 2 4 3 3 2 1 1 1 
1.363078e+03 
2.721750e+01 
1 1 4 2 3 2 4 2 4 1 3 1 4 1 1 3 4 2 4 1 2 3 3 2 2 4 3 3 2 1 1 1 
1.363078e+03 
2.721750e+01 
1 1 4 2 3 2 4 2 4 1 3 1 4 1 1 3 4 2 4 1 2 3 3 2 2 4 3 3 2 1 1 1 
7.938622e+02 
2.667691e+01 
1 1 4 2 3 2 4 2 4 1 3 1 4 1 1 3 4 2 4 1 2 3 3 2 2 4 3 3 2 1 1 1 
1.363078e+03 
2.721750e+01 
1 1 4 2 3 2 4 2 4 1 3 1 4 1 1 3 4 2 4 1 2 3 3 2 2 4 3 3 2 1 1 1 
1.363078e+03 
2.721750e+01 
1 1 4 2 3 2 4 2 4 1 3 1 4 1 1 3 4 2 4 4 2 3 3 2 2 4 3 3 2 1 1 1 
1.363078e+03 
2.721750e+01 
1 1 4 2 3 2 4 2 4 1 3 1 4 1 1 3 4 2 4 4 2 3 3 2 2 4 3 3 2 1 1 1 
1.363078e+03 
2.721750e+01 
1 1 4 2 3 2 4 2 4 1 3 1 4 1 1 3 4 2 4 4 2 3 3 2 2 4 3 3 2 1 1 1 
1.363078e+03 
2.721750e+01 
1 1 4 2 3 2 4 2 4 1 3 1 4 1 1 3 4 2 4 1 2 3 3 2 2 4 3 3 2 1 1 1 
1.363078e+03 
2.721750e+01 
1 1 4 2 3 2 4 2 4 1 3 1 4 1 1 3 4 2 4 1 2 3 3 2 2 4 3 3 2 1 1 1 
9.201641e+02 
2.682455e+01 
1 1 4 2 3 2 4 2 4 1 3 1 4 1 1 3 4 2 4 1 2 3 3 2 2 4 3 3 2 1 1 1 
1.007184e+03 
2.691491e+01 
1 1 4 2 3 2 4 2 4 1 3 1 4 1 1 3 4 2 4 1 2 3 3 2 2 4 3 3 2 1 1 1 
1.363078e+03 
2.721750e+01 
1 1 4 2 3 2 4 2 4 1 3 1 4 1 1 3 4 2 4 1 2 3 3 2 2 4 3 3 2 1 1 1 
1.223251e+03 
2.710927e+01 
1 1 4 2 3 2 4 2 4 1 3 1 4 1 1 3 4 2 4 4 2 3 3 2 2 4 3 3 1 1 1 1 
8.513514e+02 
2.674683e+01 
1 1 4 2 3 2 4 2 4 1 3 1 4 1 1 3 4 2 4 4 2 3 3 2 2 4 3 3 2 1 1 1 
1.363078e+03 
2.721750e+01 
1 1 4 2 3 2 4 2 4 1 3 1 4 1 1 3 4 2 4 1 2 3 3 2 2 4 3 3 2 1 1 1 
1.363078e+03 
2.721750e+01 
1 1 4 2 3 2 4 2 4 1 3 1 4 1 1 3 4 2 4 1 2 3 3 2 2 4 3 3 3 1 1 1 
9.811284e+02 
2.688870e+01 
1 1 4 2 3 2 4 2 4 1 3 1 4 1 1 3 4 2 4 1 2 3 3 2 2 4 3 3 2 1 1 1 
9.922385e+02 
2.689996e+01 
1 1 4 2 3 2 4 2 4 1 3 1 4 1 1 3 4 2 4 1 2 3 3 2 2 4 3 3 3 1 1 1 
1.363078e+03 
2.721750e+01 
1 1 4 2 3 2 4 2 4 1 3 1 4 1 1 3 4 2 4 1 2 1 3 2 2 4 3 3 3 1 1 1 
1.345945e+03 
2.720485e+01 
1 1 4 2 3 2 4 2 4 1 3 1 4 1 1 3 4 2 4 1 2 3 3 2 2 4 3 3 2 1 1 1 
1.363078e+03 
2.721750e+01 
1 1 4 2 3 2 4 2 4 1 3 1 4 1 1 3 4 2 4 0 2 3 3 2 2 4 3 3 2 1 1 1 
1.363078e+03 
2.721750e+01 
1 1 4 2 3 2 4 2 4 1 3 1 4 1 1 3 4 2 4 1 2 3 3 2 2 4 3 3 2 1 1 1 
1.363078e+03 
2.721750e+01 
1 1 4 2 3 2 4 2 4 1 3 1 4 1 1 3 4 2 4 1 2 3 3 2 2 4 3 3 2 1 1 1 
1.363078e+03 
2.721750e+01 
1 1 4 2 3 2 4 2 4 1 3 1 4 1 1 3 4 2 4 1 2 3 3 2 2 4 3 3 2 1 1 1 
1.363078e+03 
2.721750e+01 
1 1 4 2 3 2 4 2 4 1 3 1 4 1 1 3 4 2 4 1 2 3 3 2 2 4 3 3 2 1 1 1 
1.363078e+03 
2.721750e+01 
1 1 4 2 3 2 4 2 4 1 3 1 4 1 1 3 4 2 4 1 2 3 3 2 2 4 3 3 2 1 1 1 
1.363078e+03 
2.721750e+01 
1 1 4 2 3 2 4 2 4 1 3 1 4 1 1 3 4 2 4 1 2 3 3 2 2 4 3 3 2 1 1 1 
1.363078e+03 
2.721750e+01 
1 1 4 2 3 2 4 2 4 1 3 1 4 1 1 3 4 2 4 1 2 3 3 2 2 4 3 3 2 1 1 3 
1.363078e+03 
2.721750e+01 
1 1 4 2 3 2 4 2 4 1 3 1 4 1 1 3 4 2 4 1 2 3 3 2 2 4 3 3 2 1 1 1 
9.160448e+02 
2.682007e+01 
1 1 4 2 3 2 4 2 4 1 3 1 4 1 1 3 4 2 4 1 2 3 1 2 2 4 3 3 2 1 1 1 
1.363078e+03 
2.721750e+01 
1 1 4 2 3 2 4 2 4 1 3 1 4 1 1 3 4 2 4 1 2 3 1 2 2 4 3 3 2 1 1 1 
1.363078e+03 
2.721750e+01 
1 1 4 2 3 2 4 2 4 1 3 1 4 1 1 3 4 2 4 1 2 3 3 2 2 4 3 3 2 1 1 1 
1.363078e+03 
2.721750e+01 
1 1 4 2 2 2 4 2 4 1 3 1 4 1 1 3 4 2 4 1 2 3 3 2 2 4 3 3 2 1 1 1 
1.363078e+03 
2.721750e+01 
1 1 4 2 3 2 4 2 4 1 3 1 4 1 1 3 4 2 4 1 2 3 3 2 2 4 3 3 2 1 1 1 
1.363078e+03 
2.721750e+01 
1 1 4 2 3 2 4 2 4 1 3 1 4 1 1 3 4 2 4 1 2 3 3 2 2 4 3 3 2 1 1 1 
1.363078e+03 
2.721750e+01 
1 1 4 2 3 2 4 2 4 1 3 1 4 1 1 3 4 2 4 1 2 3 3 2 2 4 3 3 2 1 1 1 
9.261800e+02 
2.683107e+01 
1 1 4 2 3 2 4 2 4 1 3 1 4 1 1 3 4 2 4 1 2 3 3 2 2 3 3 3 2 1 1 1 
1.363078e+03 
2.721750e+01 
1 1 4 2 3 2 4 2 4 1 3 1 4 1 1 3 4 2 4 1 2 3 3 2 2 4 3 3 2 1 1 1 
1.363078e+03 
2.721750e+01 
1 1 4 2 3 2 4 2 4 1 3 1 4 1 1 3 4 2 4 1 2 3 3 2 2 4 3 3 2 1 1 1 
1.363078e+03 
2.721750e+01 
1 1 4 1 3 2 4 2 4 1 3 1 4 1 1 3 4 2 4 1 2 3 3 2 2 4 3 3 2 1 1 1 
1.363078e+03 
2.721750e+01 
1 1 4 2 2 2 4 2 4 1 3 1 4 1 1 3 4 2 4 1 2 3 3 2 2 4 3 3 2 1 1 1 
1.363078e+03 
2.721750e+01 
1 1 4 2 3 2 4 2 4 1 3 1 4 1 1 3 4 2 4 1 2 3 3 2 2 4 3 3 2 1 1 1 
1.363078e+03 
2.721750e+01 
1 1 4 2 3 2 4 2 4 1 3 1 4 1 1 3 4 2 4 1 2 3 3 2 2 4 3 3 2 1 1 1 
1.363078e+03 
2.721750e+01 
1 1 4 2 3 2 4 2 4 1 3 1 4 2 1 3 4 2 4 1 2 3 3 2 2 4 3 3 2 1 1 1 
1.363078e+03 
2.721750e+01 
3 1 4 2 3 3 4 2 4 1 3 1 4 1 1 3 4 2 4 1 2 3 3 1 2 4 3 3 2 1 1 1 
1.066182e+03 
2.697184e+01 
3 1 4 2 3 2 4 2 4 1 3 1 4 2 3 3 4 2 4 1 2 3 3 3 2 4 3 3 2 1 1 1 
7.413451e+02 
2.660847e+01 
3 1 4 2 3 2 4 2 4 1 3 1 4 2 3 3 4 2 4 1 2 3 3 2 1 4 3 3 2 1 1 1 
1.218891e+03 
2.710570e+01 
3 1 4 2 3 2 4 2 4 1 3 1 4 1 1 3 4 2 4 1 2 3 3 2 2 4 3 3 2 1 1 1 
1.218891e+03 
2.710570e+01 
3 1 4 2 3 2 4 2 4 1 3 1 4 1 1 3 4 2 4 1 2 3 3 2 2 4 3 3 2 1 1 1 
1.218891e+03 
2.710570e+01 
3 1 4 2 3 2 4 2 4 1 3 1 4 1 1 3 1 2 4 1 2 3 3 2 2 4 3 3 2 1 1 1 
1.218891e+03 
2.710570e+01 
3 1 4 2 3 2 4 2 4 1 3 1 4 1 1 3 4 2 4 1 2 3 3 2 2 4 3 3 2 1 1 1 
1.218891e+03 
2.710570e+01 
3 1 4 2 3 2 4 2 4 1 3 1 4 1 1 3 4 2 4 2 2 3 3 2 2 4 3 3 2 1 1 1 
1.218891e+03 
2.710570e+01 
3 1 4 2 3 2 4 2 4 1 3 1 1 1 1 3 4 2 4 2 2 3 3 2 2 4 3 3 2 1 1 1 
1.218891e+03 
2.710570e+01 
3 1 4 2 3 2 4 2 4 1 3 1 4 1 1 3 4 2 4 2 2 3 3 2 2 4 3 3 2 1 1 1 
1.218891e+03 
2.710570e+01 
3 1 4 2 3 2 4 2 4 1 3 1 4 1 1 3 4 2 4 2 2 3 3 2 2 4 3 3 2 1 1 1 
9.771525e+02 
2.688464e+01 
3 1 4 2 3 2 4 2 4 1 3 1 4 1 1 3 4 2 4 1 2 2 1 2 2 4 3 3 2 1 1 1 
1.363078e+03 
2.721750e+01 
3 1 4 2 3 2 4 2 4 1 3 1 4 1 1 3 4 2 4 1 2 3 1 2 2 4 3 3 2 1 1 1 
1.363078e+03 
2.721750e+01 
1 1 4 2 3 2 4 2 4 1 3 1 4 1 1 3 4 2 4 1 2 3 3 2 2 4 3 3 2 1 1 1 
1.363078e+03 
2.721750e+01 
1 1 4 2 3 2 4 2 4 1 3 1 4 1 1 3 4 2 4 1 2 3 3 2 2 4 3 3 2 1 1 1 
6.560055e+02 
2.648617e+01 
1 1 4 2 3 2 4 2 4 1 3 1 4 1 1 3 4 2 4 1 2 3 3 2 2 4 3 3 1 1 1 1 
1.363078e+03 
2.721750e+01 
1 1 4 2 3 2 4 2 4 1 3 1 4 1 1 3 4 2 4 1 2 3 3 2 2 4 3 3 2 1 1 1 
1.007184e+03 
2.691491e+01 
1 1 4 0 3 2 4 2 4 1 3 1 4 1 1 3 4 2 4 1 2 3 3 2 2 4 3 3 2 1 1 1 
1.345945e+03 
2.720485e+01 
1 1 4 0 3 2 4 2 4 1 3 1 4 1 1 3 4 2 4 1 2 3 3 2 2 4 3 3 2 1 1 1 
1.345945e+03 
2.720485e+01 
1 1 4 0 3 2 4 2 4 1 3 1 4 1 1 3 4 2 4 1 2 3 3 2 2 4 3 3 2 1 1 1 
1.345945e+03 
2.720485e+01 
1 1 4 0 3 2 4 2 4 1 3 1 4 1 1 3 4 2 4 1 2 3 3 2 2 4 3 3 2 1 1 1 
1.363078e+03 
2.721750e+01 
1 1 4 2 3 2 4 2 4 1 3 1 4 1 1 3 4 2 4 1 2 3 3 2 2 4 3 3 2 1 1 1 
1.363078e+03 
2.721750e+01 
1 1 4 0 3 2 4 2 4 1 3 1 4 1 1 3 4 2 4 1 2 3 3 2 2 4 3 3 2 1 1 1 
1.172206e+03 
2.706664e+01 
1 1 4 2 3 2 4 2 4 1 3 1 4 1 1 3 1 2 4 1 2 3 3 2 2 4 3 3 2 1 1 1 
1.363078e+03 
2.721750e+01 
1 1 4 2 3 2 4 2 4 1 3 1 4 1 1 3 4 2 4 1 2 3 3 2 2 4 3 3 2 1 1 1 
1.246307e+03 
2.712794e+01 
1 1 4 2 3 2 4 2 4 1 3 1 4 1 1 3 4 2 4 1 2 3 3 2 2 4 3 3 2 1 1 1 
1.363078e+03 
2.721750e+01 
1 1 4 2 3 2 4 2 4 1 3 1 4 1 1 3 4 2 4 1 2 3 3 2 2 4 3 3 2 1 1 1 
9.608226e+02 
2.686779e+01 
1 1 4 2 3 2 4 2 4 1 3 1 4 1 1 3 4 2 4 1 2 3 3 2 2 4 3 3 2 1 1 1 
1.122459e+03 
2.702328e+01 
1 1 4 2 3 2 4 2 4 1 3 1 4 1 0 3 4 2 4 1 2 3 3 2 2 4 3 3 2 1 1 1 
1.107569e+03 
2.700992e+01 
1 1 4 2 3 2 4 2 4 1 3 1 4 1 0 3 4 2 4 1 2 3 3 2 2 4 3 3 2 1 1 1 
1.363078e+03 
2.721750e+01 
1 0 4 2 3 2 4 2 4 1 3 1 4 1 1 3 4 2 4 1 2 3 3 2 2 4 3 3 2 1 1 1 
1.098854e+03 
2.700202e+01 
