2 1 4 3 3 2 4 1 1 1 3 1 4 1 1 3 1 2 1 1 2 3 3 2 2 4 4 3 2 1 1 1 
6.730488e+02 
2.651182e+01 
2 1 4 3 3 2 4 1 1 1 3 1 4 1 1 3 1 2 1 1 2 3 3 2 2 4 4 3 2 1 1 1 
1.174246e+03 
2.706838e+01 
2 1 4 3 3 2 4 1 1 1 3 1 4 1 1 3 1 2 1 1 4 3 3 2 2 4 4 3 2 1 1 1 
1.174246e+03 
2.706838e+01 
2 1 4 3 3 2 4 1 1 1 3 1 4 1 1 3 1 2 1 1 2 3 3 2 2 4 4 3 2 1 1 1 
1.174246e+03 
2.706838e+01 
2 1 4 3 3 2 4 1 1 1 3 1 4 1 1 3 1 2 1 1 2 3 3 2 2 4 4 3 2 1 1 1 
1.174246e+03 
2.706838e+01 
1 1 4 3 3 2 4 1 1 1 3 1 4 1 1 3 1 2 1 1 2 3 3 2 2 4 4 3 2 1 1 1 
1.174246e+03 
2.706838e+01 
2 1 4 3 3 2 4 1 1 1 3 1 4 1 1 3 1 2 1 1 2 3 3 2 2 4 4 3 2 1 1 1 
1.174246e+03 
2.706838e+01 
2 1 4 3 3 2 4 1 1 1 3 1 4 1 1 3 1 2 1 1 2 3 3 2 2 4 4 3 2 1 1 1 
1.174246e+03 
2.706838e+01 
2 1 4 3 3 2 4 1 1 1 3 1 4 1 1 3 1 2 1 1 2 3 3 2 2 4 4 3 2 1 1 1 
1.174246e+03 
2.706838e+01 
2 1 4 3 3 2 4 1 1 1 3 1 4 1 1 3 1 2 1 1 2 3 3 2 2 4 4 3 2 1 1 1 
1.174246e+03 
2.706838e+01 
2 1 4 3 3 2 4 1 1 1 3 1 4 1 1 3 1 2 1 1 2 3 3 2 2 4 4 3 2 1 1 1 
1.174246e+03 
2.706838e+01 
2 1 4 3 3 2 4 1 1 1 3 1 4 1 1 3 1 2 1 1 2 3 3 2 2 4 4 3 2 1 1 1 
1.174246e+03 
2.706838e+01 
2 1 4 3 3 2 4 1 1 1 3 1 4 1 1 3 1 2 1 1 2 3 3 2 2 4 4 3 2 1 1 1 
6.639271e+02 
2.649817e+01 
2 1 4 3 3 2 4 1 1 1 3 1 4 1 1 3 1 2 1 1 2 3 3 2 2 4 4 3 2 1 1 1 
9.828975e+02 
2.689050e+01 
2 1 4 3 3 2 4 1 1 1 3 1 4 1 1 3 1 2 1 1 2 3 3 2 2 4 4 3 2 1 1 1 
6.930785e+02 
2.654114e+01 
2 1 4 3 3 2 4 1 1 1 3 1 4 1 1 3 1 2 1 1 2 3 3 2 2 4 4 3 2 1 1 1 
1.140075e+03 
2.703885e+01 
2 1 4 3 3 2 4 1 1 1 3 1 4 1 1 3 1 2 1 1 2 3 3 2 2 4 4 3 2 1 1 1 
1.207158e+03 
2.709602e+01 
1 1 4 3 3 3 4 1 1 1 3 1 4 1 1 3 1 2 3 1 2 3 3 2 2 4 4 3 2 1 1 1 
1.271519e+03 
2.714797e+01 
1 1 4 3 3 3 4 1 1 1 3 1 4 1 1 3 1 2 3 1 2 3 3 2 2 4 4 3 2 1 1 1 
1.162757e+03 
2.705855e+01 
1 1 4 3 3 3 4 1 1 1 3 1 4 1 1 3 1 2 3 1 2 3 3 2 2 4 4 3 2 1 1 1 
1.015875e+03 
2.692351e+01 
2 1 4 3 3 3 4 1 1 1 3 1 4 1 1 3 1 2 4 1 2 3 3 2 2 4 4 3 2 1 1 1 
1.296880e+03 
2.716772e+01 
1 1 4 3 3 2 4 1 1 1 3 1 4 1 1 3 1 2 1 1 2 3 3 2 2 4 4 3 2 1 1 1 
8.817546e+02 
2.678191e+01 
1 1 4 3 3 3 4 3 1 1 3 1 4 1 1 3 1 2 1 1 2 3 3 2 2 4 4 3 2 1 1 1 
1.271519e+03 
2.714797e+01 
1 1 4 3 3 3 4 1 1 1 3 1 4 1 1 3 1 2 1 1 2 3 3 2 2 4 4 3 2 1 1 1 
1.271519e+03 
2.714797e+01 
1 1 4 3 3 3 4 1 1 1 3 1 4 1 1 3 1 2 1 1 2 3 3 2 2 4 4 3 4 1 1 1 
1.271519e+03 
2.714797e+01 
1 1 4 3 3 3 4 1 1 1 3 1 4 1 1 3 1 2 1 1 2 3 3 2 2 4 4 3 2 1 1 1 
1.271519e+03 
2.714797e+01 
1 1 4 3 3 3 4 1 1 1 3 1 4 1 1 3 1 2 1 1 2 3 3 2 2 4 4 3 2 1 1 1 
1.103614e+03 
2.700635e+01 
1 1 4 3 3 2 4 1 1 1 3 1 4 1 1 3 1 2 1 1 2 3 3 2 2 4 4 3 2 1 1 1 
1.296880e+03 
2.716772e+01 
1 1 4 3 3 2 4 1 1 1 3 1 4 1 1 3 1 2 1 1 2 3 3 2 2 4 4 3 2 1 1 1 
1.296880e+03 
2.716772e+01 
1 1 4 3 3 2 4 1 1 1 3 1 4 1 1 3 1 2 1 1 1 3 3 2 2 4 4 3 2 1 1 1 
1.296880e+03 
2.716772e+01 
1 1 4 3 3 2 4 1 1 1 3 1 4 1 1 3 3 2 1 1 2 3 3 2 2 4 4 3 2 1 1 1 
1.296880e+03 
2.716772e+01 
1 1 4 3 3 2 4 1 1 1 3 1 4 1 1 3 1 2 1 1 2 3 3 2 2 4 4 3 2 1 1 1 
1.296880e+03 
2.716772e+01 
1 1 4 3 3 2 4 1 1 1 3 1 4 1 1 3 1 2 1 1 2 3 3 2 2 4 4 3 2 1 1 1 
1.296880e+03 
2.716772e+01 
1 1 4 3 3 2 4 1 1 1 3 1 4 1 1 3 1 2 1 1 2 3 3 2 2 4 4 3 2 1 1 1 
1.296880e+03 
2.716772e+01 
1 1 4 3 3 2 4 1 1 1 3 1 4 1 1 3 1 2 1 1 2 3 3 2 2 4 4 3 2 1 1 1 
1.143397e+03 
2.704176e+01 
1 1 4 3 3 3 4 1 1 1 3 1 4 3 1 3 1 2 1 1 2 3 3 2 2 4 4 3 2 1 1 1 
7.956887e+02 
2.667921e+01 
1 1 4 3 3 3 4 1 4 1 3 1 4 1 1 3 1 2 1 1 2 3 3 2 2 4 4 3 2 1 1 1 
1.143397e+03 
2.704176e+01 
1 1 4 3 3 3 4 1 1 1 3 1 4 1 1 3 1 2 1 1 2 3 3 2 2 4 4 3 2 1 1 1 
6.080464e+02 
2.641025e+01 
1 1 4 3 3 3 4 1 1 1 3 1 4 1 1 3 1 2 1 1 2 3 3 2 2 4 4 3 2 1 1 1 
1.296880e+03 
2.716772e+01 
1 1 4 3 3 3 4 1 1 1 3 1 4 1 1 3 3 2 1 1 2 3 3 2 2 4 4 3 2 1 1 1 
1.167414e+03 
2.706255e+01 
1 1 4 3 3 3 4 1 1 1 3 1 4 1 1 3 1 2 1 1 2 3 3 2 2 4 4 3 2 1 1 1 
9.904569e+02 
2.689817e+01 
1 1 4 3 3 3 4 1 1 1 3 1 4 1 1 3 1 2 1 1 2 3 3 2 2 4 4 3 2 1 1 1 
1.296880e+03 
2.716772e+01 
1 1 4 3 3 3 4 1 1 1 3 1 4 1 1 3 1 2 1 1 2 3 3 2 2 4 4 3 2 1 1 1 
1.072924e+03 
2.697814e+01 
1 1 4 3 3 3 4 1 1 1 3 1 4 1 1 3 1 2 1 1 2 3 3 2 2 4 4 3 2 1 1 1 
1.296880e+03 
2.716772e+01 
1 1 4 3 3 3 4 1 1 1 3 1 4 1 1 3 1 2 1 1 2 3 3 2 2 4 4 3 2 1 1 1 
1.296880e+03 
2.716772e+01 
3 1 4 3 3 3 4 1 1 1 3 1 4 4 1 3 1 2 1 1 2 3 3 2 2 4 4 3 2 1 1 1 
1.296880e+03 
2.716772e+01 
1 1 4 3 3 3 4 1 1 1 3 1 4 4 1 3 1 2 1 1 2 2 3 2 2 4 4 3 2 1 1 1 
1.296880e+03 
2.716772e+01 
1 1 4 3 3 3 4 1 2 1 3 1 4 4 1 3 1 2 1 1 2 3 3 2 2 4 4 3 2 1 1 1 
1.296880e+03 
2.716772e+01 
1 1 4 3 3 3 4 1 1 1 3 1 4 1 1 3 1 2 1 1 2 3 3 2 2 4 4 3 2 1 1 1 
7.607271e+02 
2.663427e+01 
1 1 4 3 3 3 4 1 1 1 3 1 4 1 1 3 1 2 1 1 2 3 3 2 2 4 4 3 2 1 1 1 
1.296880e+03 
2.716772e+01 
1 1 4 3 3 3 4 1 1 1 3 1 4 1 1 2 1 2 1 1 2 3 3 2 2 4 4 3 2 1 1 1 
1.296880e+03 
2.716772e+01 
1 1 4 3 3 3 4 1 1 1 3 1 4 1 1 3 1 2 1 1 2 3 3 2 2 4 4 3 2 1 1 1 
1.296880e+03 
2.716772e+01 
1 1 4 3 3 3 4 1 1 1 3 1 4 1 1 3 1 2 1 1 2 3 3 2 2 4 4 3 2 1 1 1 
1.045906e+03 
2.695264e+01 
1 1 4 3 3 3 4 1 1 1 3 1 4 1 1 3 1 2 1 1 2 3 3 2 2 4 4 3 2 1 1 1 
1.296880e+03 
2.716772e+01 
1 1 4 3 3 3 4 1 1 1 3 1 4 1 1 3 1 2 1 1 2 3 3 2 2 4 2 3 2 1 1 1 
7.852369e+02 
2.666599e+01 
1 1 4 3 3 3 4 1 1 1 3 1 4 1 1 3 3 2 1 1 2 3 3 2 2 4 4 3 2 1 1 1 
9.345481e+02 
2.684006e+01 
1 1 4 3 3 3 4 1 1 1 3 1 4 1 1 3 1 2 1 1 2 3 3 2 2 4 4 3 2 1 1 1 
1.079312e+03 
2.698408e+01 
3 1 4 3 0 3 4 1 1 1 3 1 4 1 1 3 1 2 1 1 2 3 3 2 2 4 4 3 2 1 1 1 
1.296880e+03 
2.716772e+01 
1 1 4 1 3 3 4 1 1 1 3 1 4 1 1 3 1 2 1 1 2 2 3 2 2 4 4 3 2 1 1 1 
1.079312e+03 
2.698408e+01 
1 1 4 3 3 3 4 1 1 1 3 1 4 1 1 3 1 2 1 1 2 3 3 2 2 4 4 3 2 1 1 1 
8.669012e+02 
2.676492e+01 
1 1 4 3 3 3 4 1 1 1 3 1 4 1 1 0 1 2 1 1 2 3 3 2 2 4 4 3 2 1 1 1 
6.781085e+02 
2.651931e+01 
1 1 3 0 3 3 4 1 1 1 3 1 4 1 1 3 1 2 1 1 2 3 4 2 2 1 4 3 2 1 1 1 
1.079312e+03 
2.698408e+01 
1 1 4 3 3 3 4 1 4 1 3 1 4 1 1 3 1 3 1 1 2 3 3 2 2 4 4 3 2 1 1 1 
9.104166e+02 
2.681390e+01 
1 1 4 3 3 3 4 1 4 1 3 1 4 1 1 3 1 3 1 1 2 3 3 2 2 4 4 3 2 1 1 1 
1.079312e+03 
2.698408e+01 
1 1 4 3 3 3 4 1 4 1 3 1 4 1 1 3 1 2 1 1 2 3 3 2 2 4 4 3 2 1 1 1 
1.079312e+03 
2.698408e+01 
1 1 4 3 3 3 4 1 1 1 3 1 4 1 1 3 1 3 1 1 2 3 3 2 2 0 4 3 2 1 1 1 
1.079312e+03 
2.698408e+01 
1 1 4 3 3 3 4 1 4 1 3 1 4 1 1 3 1 3 1 2 2 3 3 2 2 4 4 3 2 1 1 1 
1.079312e+03 
2.698408e+01 
1 1 4 3 3 3 4 1 4 1 3 1 4 1 1 3 1 3 1 2 2 3 3 2 2 4 4 3 2 1 1 1 
1.079312e+03 
2.698408e+01 
1 1 4 3 3 3 4 1 4 1 3 1 4 1 1 3 1 3 1 2 2 3 3 2 2 4 4 3 2 1 1 1 
1.079312e+03 
2.698408e+01 
1 1 4 3 3 3 4 1 4 1 3 1 4 1 1 3 1 3 1 2 2 3 3 2 2 4 4 3 2 1 1 1 
1.079312e+03 
2.698408e+01 
1 1 4 3 3 3 4 1 4 1 3 1 4 1 1 3 1 3 1 2 2 3 3 2 2 4 4 3 2 1 1 1 
1.079312e+03 
2.698408e+01 
1 1 4 3 3 3 4 1 4 1 3 1 4 1 1 3 1 3 1 2 2 3 3 2 2 4 4 3 2 1 1 1 
4.951356e+02 
2.620483e+01 
1 1 4 3 3 3 4 1 4 1 3 1 4 1 1 3 1 3 1 2 2 3 3 2 2 4 4 3 2 1 1 1 
7.643621e+02 
2.663904e+01 
1 1 4 3 3 3 4 1 4 1 3 1 4 1 1 3 1 3 1 2 2 3 3 2 2 4 4 3 2 1 1 1 
1.079312e+03 
2.698408e+01 
1 1 4 3 3 3 4 1 4 1 3 1 4 1 1 3 1 3 1 2 2 3 3 2 2 4 4 3 2 1 1 1 
1.103614e+03 
2.700635e+01 
1 1 4 3 3 3 4 1 4 1 3 1 4 1 1 3 1 3 1 2 2 3 3 2 2 4 4 3 2 1 1 1 
8.467485e+02 
2.674140e+01 
1 1 4 3 3 3 4 1 4 1 3 1 4 1 1 3 1 3 1 2 2 3 3 2 2 4 4 3 2 1 1 1 
6.013491e+02 
2.639918e+01 
1 1 4 3 3 3 4 1 4 1 3 1 4 1 1 3 2 3 1 2 2 3 3 2 2 4 4 3 2 1 1 1 
7.177112e+02 
2.657607e+01 
1 1 4 3 3 3 4 1 4 1 3 1 4 1 1 3 1 3 1 2 2 3 3 2 2 4 4 3 3 1 1 1 
3.978432e+02 
2.598606e+01 
1 1 4 1 3 3 4 1 1 1 3 1 4 3 1 3 1 2 1 2 2 3 3 2 2 4 4 3 2 1 1 1 
1.103614e+03 
2.700635e+01 
1 1 4 1 3 3 4 1 1 1 3 1 4 3 1 3 1 2 1 2 2 1 3 2 2 4 4 3 2 1 1 1 
1.296880e+03 
2.716772e+01 
1 1 4 3 3 3 4 1 1 1 3 1 0 3 1 3 1 2 1 2 2 3 3 2 2 4 0 3 2 1 1 1 
1.296880e+03 
2.716772e+01 
1 1 4 3 3 3 4 1 1 1 3 1 0 3 1 3 1 2 1 2 2 3 3 2 2 4 4 3 2 1 1 1 
5.482526e+02 
2.630674e+01 
1 1 4 3 3 3 4 1 1 1 3 1 0 3 1 3 1 2 1 2 2 3 3 2 2 4 4 3 2 1 1 1 
6.362196e+02 
2.645554e+01 
1 1 4 3 3 3 4 1 1 1 3 1 4 3 1 3 1 2 1 2 2 3 3 2 2 4 4 3 2 1 1 1 
8.713125e+02 
2.677000e+01 
1 1 4 3 3 3 4 1 1 1 3 1 4 1 1 3 1 2 1 2 2 3 3 2 2 4 4 3 2 1 1 1 
8.713125e+02 
2.677000e+01 
1 1 4 3 3 3 4 1 1 1 3 1 4 1 1 3 1 2 1 2 2 3 3 2 2 4 4 3 2 1 1 1 
5.993667e+02 
2.639587e+01 
1 1 4 3 3 3 4 1 1 1 3 1 4 1 1 3 1 2 1 2 2 3 3 2 2 4 4 3 2 1 1 1 
1.174043e+03 
2.706821e+01 
1 1 4 3 3 3 4 1 1 1 3 1 4 1 1 3 1 2 1 2 2 3 3 2 2 4 4 3 2 1 1 1 
1.296880e+03 
2.716772e+01 
1 1 4 3 3 3 4 1 1 1 3 1 4 1 1 3 1 2 1 3 2 3 3 2 2 4 4 3 2 1 1 1 
7.807387e+02 
2.666024e+01 
1 1 4 4 3 3 3 1 1 1 3 1 4 1 1 3 2 2 1 2 2 3 3 2 2 4 4 3 2 1 1 1 
7.331357e+02 
2.659733e+01 
1 1 4 3 3 3 4 1 1 1 3 1 4 1 1 3 1 2 1 2 2 3 3 2 1 4 4 3 2 1 1 1 
9.148870e+02 
2.681880e+01 
1 1 4 3 3 3 4 1 1 1 1 1 4 1 1 3 2 2 1 2 2 3 3 2 2 4 4 3 2 1 1 1 
1.296880e+03 
2.716772e+01 
1 1 4 3 3 3 4 1 1 1 3 1 4 1 1 3 1 2 1 2 2 3 3 2 2 4 4 3 2 1 1 1 
1.296880e+03 
2.716772e+01 
1 1 4 3 3 3 4 1 1 1 3 1 4 1 1 3 1 2 1 2 2 3 3 2 2 4 4 3 2 1 1 1 
8.949421e+02 
2.679676e+01 
1 1 4 3 3 3 4 1 1 1 3 1 4 1 1 3 1 2 1 2 2 3 3 2 2 4 4 3 2 1 1 1 
9.911466e+02 
2.689886e+01 
1 1 4 3 3 3 4 1 1 1 3 1 4 1 1 3 1 2 1 2 2 3 3 2 2 4 4 3 2 1 1 1 
1.296880e+03 
2.716772e+01 
1 1 4 3 3 3 4 1 1 1 3 1 4 1 1 3 1 2 1 2 2 3 3 2 2 4 4 3 2 2 1 4 
1.296880e+03 
2.716772e+01 
1 1 4 3 3 3 4 1 1 1 3 1 4 1 1 3 1 2 1 2 2 3 3 2 2 4 4 3 2 1 1 1 
7.359252e+02 
2.660113e+01 
1 1 4 3 3 3 4 1 1 1 3 1 4 1 1 3 1 2 1 2 2 3 3 2 2 4 4 3 2 1 1 1 
1.296880e+03 
2.716772e+01 
