1 1 4 3 3 2 4 2 1 1 3 1 4 1 1 3 4 2 4 4 2 3 3 2 2 4 3 3 2 1 1 1 
1.202477e+03 
2.709214e+01 
1 1 4 3 3 2 4 2 1 1 3 1 4 1 1 3 4 2 4 4 2 3 3 2 2 4 3 3 2 1 1 1 
1.202477e+03 
2.709214e+01 
1 1 2 3 3 2 4 2 1 1 3 1 4 1 1 3 4 2 4 4 2 3 3 2 2 4 3 3 2 1 1 1 
9.508931e+02 
2.685740e+01 
1 1 4 3 3 2 4 2 4 1 3 1 4 1 2 3 4 2 4 4 2 3 3 2 2 4 3 3 2 1 1 1 
9.508931e+02 
2.685740e+01 
1 1 4 1 3 2 4 2 4 1 3 1 4 1 4 3 4 2 4 2 2 3 3 2 2 4 3 3 4 1 1 1 
5.299313e+02 
2.627275e+01 
1 1 4 1 3 2 4 2 4 1 3 1 1 1 1 3 4 2 4 4 2 3 3 2 2 4 3 3 2 1 1 1 
1.227667e+03 
2.711287e+01 
1 1 4 1 3 2 4 2 4 1 3 4 4 1 1 3 4 2 4 2 3 3 3 2 2 4 3 3 2 1 1 1 
8.128971e+02 
2.670060e+01 
1 1 4 1 3 2 4 2 4 1 3 4 4 1 1 3 4 2 4 2 3 3 3 2 2 4 3 3 2 1 1 1 
1.092371e+03 
2.699611e+01 
1 1 4 1 3 2 4 2 4 1 3 1 4 1 1 3 4 2 1 1 3 3 3 2 2 4 3 3 2 1 1 1 
1.363078e+03 
2.721750e+01 
1 1 4 1 3 2 4 2 4 1 3 1 4 1 1 3 4 2 4 1 3 4 3 2 2 4 3 3 2 1 1 1 
8.882519e+02 
2.678926e+01 
1 1 4 1 3 2 4 2 4 1 3 1 4 1 1 3 4 2 4 2 2 3 3 2 2 4 3 3 2 1 1 1 
1.067749e+03 
2.697331e+01 
1 1 4 1 3 2 4 2 4 1 3 1 4 1 1 3 4 2 4 2 2 3 3 2 2 4 3 3 2 1 1 1 
1.363078e+03 
2.721750e+01 
1 1 4 1 3 2 4 2 4 1 3 1 4 1 1 3 4 2 4 2 2 3 3 2 2 4 3 3 2 1 1 1 
8.437861e+02 
2.673790e+01 
1 1 4 1 3 2 4 2 4 1 3 1 4 1 1 3 4 2 4 2 2 3 3 2 4 4 3 3 2 1 1 1 
1.363078e+03 
2.721750e+01 
1 1 4 1 3 2 4 2 4 1 3 1 4 1 1 3 4 2 4 2 2 3 3 2 2 4 3 3 2 1 1 1 
1.363078e+03 
2.721750e+01 
1 1 4 1 3 2 4 2 4 1 3 1 4 1 1 3 4 2 4 2 2 3 3 2 2 4 3 3 2 1 1 1 
1.363078e+03 
2.721750e+01 
1 1 4 1 3 2 4 2 4 1 3 1 4 1 1 3 4 2 4 2 2 3 1 2 2 4 3 3 2 1 1 1 
1.363078e+03 
2.721750e+01 
1 1 4 1 3 2 4 2 0 1 3 1 4 1 1 3 4 2 4 2 2 3 3 2 2 4 3 3 2 1 1 1 
1.014675e+03 
2.692232e+01 
1 1 4 1 3 2 4 2 0 1 3 1 4 1 1 3 4 2 4 2 2 3 3 2 2 4 3 3 2 1 1 1 
1.363078e+03 
2.721750e+01 
2 1 4 1 3 2 4 2 0 1 3 1 4 1 1 3 4 2 4 2 2 3 3 2 2 4 3 3 2 1 1 1 
1.363078e+03 
2.721750e+01 
1 1 4 1 3 2 4 2 4 1 3 1 4 1 1 3 4 2 4 2 2 3 3 2 2 4 3 3 2 1 1 1 
1.363078e+03 
2.721750e+01 
1 1 4 1 3 2 4 2 4 1 3 1 4 1 1 3 4 2 4 2 2 3 3 2 2 4 3 3 2 1 1 1 
1.363078e+03 
2.721750e+01 
1 1 4 1 3 2 4 2 4 1 3 1 4 1 1 3 4 2 4 2 2 3 3 2 2 4 3 3 2 1 1 1 
1.363078e+03 
2.721750e+01 
1 1 4 1 3 2 4 2 4 1 3 1 4 1 1 3 4 2 4 2 2 3 3 2 2 4 3 3 2 1 1 1 
1.363078e+03 
2.721750e+01 
1 1 4 1 3 2 4 2 4 1 3 1 4 1 1 3 4 2 4 2 2 3 3 2 2 4 3 3 2 1 1 1 
1.363078e+03 
2.721750e+01 
1 1 4 1 3 2 4 2 4 1 3 1 4 1 1 3 4 2 4 2 2 3 3 2 2 4 3 3 2 1 1 1 
1.363078e+03 
2.721750e+01 
1 1 4 1 3 2 4 2 4 1 3 1 4 1 1 3 4 2 4 2 2 3 3 2 2 4 3 3 2 1 1 1 
1.363078e+03 
2.721750e+01 
1 1 4 1 3 2 4 2 4 1 3 1 4 1 1 3 4 2 4 2 2 3 3 2 2 4 3 3 2 1 1 1 
1.363078e+03 
2.721750e+01 
4 1 4 1 3 2 4 2 4 1 3 1 4 1 1 3 4 2 4 2 2 3 3 2 2 4 3 3 2 1 1 1 
1.363078e+03 
2.721750e+01 
1 1 4 1 0 2 4 2 4 1 3 1 4 1 1 3 4 2 4 2 2 3 3 2 2 4 3 3 2 1 1 1 
1.363078e+03 
2.721750e+01 
1 1 4 1 3 2 4 2 4 1 3 1 4 1 1 3 4 2 4 2 2 3 3 2 2 4 3 3 2 1 1 1 
1.363078e+03 
2.721750e+01 
1 1 4 1 3 2 4 2 4 1 3 1 4 1 1 3 4 2 4 2 2 3 3 2 2 4 3 3 2 1 1 1 
1.363078e+03 
2.721750e+01 
1 1 4 1 3 2 4 2 4 1 3 1 4 1 1 3 4 2 4 2 2 3 3 2 2 4 3 3 2 1 1 1 
9.242244e+02 
2.682895e+01 
1 1 4 1 3 2 4 2 4 1 3 1 4 1 1 3 4 2 4 2 2 3 3 2 2 4 3 3 2 1 1 1 
9.242244e+02 
2.682895e+01 
1 1 4 1 3 2 4 2 4 1 3 1 0 1 1 3 4 2 4 2 2 3 3 2 2 4 3 3 2 1 1 1 
9.224245e+02 
2.682701e+01 
1 1 0 1 3 2 4 2 4 1 3 1 4 1 1 3 4 2 4 2 2 3 3 2 2 4 3 3 2 1 1 1 
9.224245e+02 
2.682701e+01 
1 1 0 1 3 2 4 2 4 1 3 1 4 1 1 3 4 2 4 2 2 3 3 2 2 4 3 3 2 1 1 1 
9.224245e+02 
2.682701e+01 
1 1 0 1 3 2 4 2 4 1 3 1 4 1 1 3 4 2 4 2 2 3 3 2 2 4 3 3 2 1 1 1 
9.224245e+02 
2.682701e+01 
1 1 0 1 3 2 4 2 4 1 3 1 4 1 1 3 4 2 4 2 2 3 3 2 2 4 3 3 2 1 1 1 
1.363078e+03 
2.721750e+01 
1 1 0 1 3 2 4 2 4 1 3 1 4 1 1 3 4 2 4 2 2 3 3 2 2 4 3 3 2 1 1 1 
1.363078e+03 
2.721750e+01 
1 1 4 1 3 2 4 2 4 1 3 1 4 1 1 3 4 2 4 2 2 3 3 2 2 4 3 3 2 4 1 1 
1.363078e+03 
2.721750e+01 
1 1 4 1 3 2 4 2 4 1 3 1 4 1 1 3 4 2 4 2 2 3 3 2 2 4 3 3 2 1 1 1 
1.363078e+03 
2.721750e+01 
1 1 4 1 3 2 4 2 4 1 3 1 4 1 1 3 4 2 4 2 2 3 3 2 2 4 3 3 2 1 1 1 
1.363078e+03 
2.721750e+01 
1 1 4 1 3 2 4 2 4 1 3 1 4 1 1 3 4 2 4 2 2 3 3 2 2 4 3 3 2 1 1 1 
1.290609e+03 
2.716287e+01 
1 0 4 1 3 2 4 2 4 1 3 1 4 1 1 3 4 2 4 2 2 3 3 2 2 4 3 3 2 1 1 1 
1.363078e+03 
2.721750e+01 
1 1 4 1 3 2 4 2 4 1 3 1 4 1 1 3 4 2 4 2 2 3 3 2 2 4 3 3 2 1 1 1 
8.417403e+02 
2.673547e+01 
1 1 4 1 3 2 4 2 4 1 3 1 4 1 1 3 4 2 4 2 2 3 3 2 2 4 3 3 2 1 1 1 
1.363078e+03 
2.721750e+01 
1 1 4 1 3 2 4 2 4 1 3 1 4 1 1 3 4 2 4 2 2 3 3 2 2 4 3 3 2 1 1 1 
1.363078e+03 
2.721750e+01 
1 1 4 1 3 2 4 2 4 1 3 1 4 1 1 3 4 2 4 2 2 3 3 0 2 4 3 3 2 1 1 1 
1.162228e+03 
2.705809e+01 
1 1 4 1 3 2 4 2 4 1 3 1 4 1 1 3 4 2 4 2 2 3 3 2 2 4 3 3 2 1 1 1 
1.363078e+03 
2.721750e+01 
1 1 4 1 3 2 4 2 4 1 3 1 4 1 1 3 4 2 4 2 2 3 3 2 2 4 3 3 2 1 1 1 
1.363078e+03 
2.721750e+01 
1 1 4 1 3 2 4 2 4 1 3 1 4 1 1 3 4 2 4 2 2 3 3 2 2 4 3 3 2 1 1 1 
1.363078e+03 
2.721750e+01 
1 1 4 2 3 2 4 2 4 1 3 1 4 1 1 3 4 2 4 2 2 3 3 2 2 4 3 3 2 1 1 1 
8.843959e+02 
2.678490e+01 
1 1 4 2 3 2 4 2 1 1 3 1 4 1 1 3 4 2 4 2 2 3 3 2 2 3 3 3 2 1 1 1 
9.261800e+02 
2.683107e+01 
1 1 4 2 3 2 4 2 1 1 3 1 4 1 1 3 4 2 4 2 2 3 3 2 2 4 3 3 2 1 1 1 
1.202477e+03 
2.709214e+01 
1 1 4 2 3 2 4 2 4 1 3 1 4 1 1 3 4 2 4 2 2 3 3 2 2 4 3 3 2 1 1 1 
1.202477e+03 
2.709214e+01 
1 1 4 2 3 2 4 2 4 1 2 1 4 1 1 3 4 2 4 2 2 3 3 2 2 4 3 3 2 1 1 1 
1.363078e+03 
2.721750e+01 
1 1 4 2 3 2 4 2 4 1 3 1 4 1 1 3 4 2 4 2 2 3 3 2 2 4 3 3 2 1 1 1 
1.363078e+03 
2.721750e+01 
1 1 4 2 3 2 4 2 4 1 3 1 4 1 1 3 4 2 4 2 2 3 3 2 2 4 3 3 2 1 1 1 
1.052036e+03 
2.695848e+01 
1 1 4 2 3 2 4 2 4 1 3 1 4 1 1 3 4 2 4 2 2 3 3 2 2 4 3 3 2 0 1 1 
1.363078e+03 
2.721750e+01 
1 1 4 2 3 2 4 2 4 1 3 1 4 1 1 3 4 2 4 2 2 3 3 2 2 4 3 3 2 0 1 1 
1.363078e+03 
2.721750e+01 
1 1 4 2 3 2 4 2 4 1 3 1 4 1 1 3 4 2 4 2 2 3 3 2 2 4 3 3 2 0 1 1 
1.363078e+03 
2.721750e+01 
1 1 4 2 3 2 4 2 4 1 3 1 4 1 1 3 4 2 4 2 2 3 3 2 2 4 3 3 2 1 1 1 
1.363078e+03 
2.721750e+01 
1 1 4 2 3 2 4 2 4 1 3 1 4 1 1 3 4 2 4 2 2 3 3 2 2 4 3 3 2 1 1 1 
1.363078e+03 
2.721750e+01 
1 1 4 2 3 2 4 2 4 1 3 1 4 1 1 3 4 2 4 2 2 3 3 2 2 3 3 3 2 1 1 1 
1.059193e+03 
2.696526e+01 
1 1 4 2 3 2 4 2 4 1 3 1 4 1 1 3 4 2 4 2 2 3 3 2 2 4 3 3 2 1 1 1 
1.363078e+03 
2.721750e+01 
1 1 4 2 3 2 4 2 4 1 3 1 4 1 1 3 4 2 4 1 2 3 3 2 2 4 3 3 2 1 1 1 
1.363078e+03 
2.721750e+01 
1 1 4 2 3 2 4 2 4 1 3 1 4 1 1 3 4 2 4 2 2 3 3 2 2 4 3 3 2 1 1 1 
1.363078e+03 
2.721750e+01 
1 1 4 2 3 2 4 2 4 1 3 1 4 1 1 3 4 2 4 1 2 3 3 2 2 4 3 3 2 1 1 1 
1.363078e+03 
2.721750e+01 
1 1 4 2 3 2 4 2 4 1 3 1 4 1 1 3 4 2 4 2 2 3 3 2 2 4 3 3 2 1 1 1 
1.363078e+03 
2.721750e+01 
1 1 4 0 3 2 4 2 4 1 3 1 4 1 1 2 4 2 4 2 2 3 3 2 2 4 3 3 2 1 1 1 
1.363078e+03 
2.721750e+01 
1 1 4 0 3 2 4 2 4 1 3 1 4 1 1 2 4 2 3 2 2 3 3 2 2 4 3 3 2 1 1 1 
1.363078e+03 
2.721750e+01 
1 1 4 0 3 2 4 2 4 1 3 1 4 1 1 2 4 2 4 2 2 3 3 2 2 4 3 3 2 1 1 1 
6.806784e+02 
2.652309e+01 
1 1 4 0 3 2 4 2 4 1 3 1 4 1 1 2 4 2 4 2 2 3 3 2 2 4 3 3 2 1 1 1 
1.218013e+03 
2.710498e+01 
1 1 4 0 3 2 4 2 4 1 3 1 4 4 1 2 4 2 4 2 2 3 3 2 2 4 3 3 2 1 1 1 
1.218013e+03 
2.710498e+01 
1 1 4 0 3 2 4 2 4 1 3 1 4 4 1 2 4 2 4 2 3 3 3 2 2 4 3 3 2 1 1 1 
1.216174e+03 
2.710347e+01 
1 1 4 0 3 2 4 2 4 1 3 1 4 1 1 3 4 2 4 3 2 3 3 2 2 4 3 3 2 1 1 1 
1.216174e+03 
2.710347e+01 
1 1 4 0 3 2 4 2 4 1 3 1 4 1 1 3 4 2 4 3 2 3 3 2 2 4 3 3 2 1 1 1 
1.345945e+03 
2.720485e+01 
1 1 4 1 3 2 4 2 4 1 3 1 4 2 1 3 4 2 4 2 2 3 3 2 2 4 3 3 2 1 1 1 
1.345945e+03 
2.720485e+01 
1 1 4 1 3 2 4 2 4 1 3 1 4 2 1 3 4 2 4 2 2 3 3 2 2 4 3 3 2 1 1 1 
1.345945e+03 
2.720485e+01 
1 1 4 1 3 2 4 2 4 1 3 1 4 2 1 3 4 2 4 2 2 3 3 2 2 4 3 3 2 1 1 1 
1.058069e+03 
2.696420e+01 
1 1 4 1 3 2 4 2 4 1 3 1 4 2 1 3 4 2 4 2 2 3 3 2 2 4 3 3 2 1 1 1 
1.345945e+03 
2.720485e+01 
1 1 4 1 3 2 4 0 4 1 3 1 4 2 1 3 4 2 4 2 2 3 3 2 2 4 3 3 2 1 1 1 
1.058069e+03 
2.696420e+01 
1 1 4 1 3 2 4 2 4 1 3 1 4 2 1 3 4 2 4 2 2 3 3 2 2 4 3 3 2 1 1 1 
1.058069e+03 
2.696420e+01 
1 1 4 1 3 2 4 2 4 1 3 1 4 2 1 3 4 2 4 2 2 3 3 2 2 4 3 3 2 1 1 1 
1.363078e+03 
2.721750e+01 
1 1 4 1 3 2 4 2 4 1 3 1 4 2 1 3 4 2 4 2 2 3 3 2 2 4 3 3 2 1 1 1 
1.058069e+03 
2.696420e+01 
1 1 4 1 3 1 4 2 4 0 3 1 4 1 1 3 4 2 4 2 2 3 3 2 2 4 3 3 2 0 1 1 
1.363078e+03 
2.721750e+01 
1 1 4 1 3 2 4 2 4 1 3 1 4 1 1 3 4 2 4 2 2 3 3 2 2 4 3 3 2 1 1 1 
9.827206e+02 
2.689032e+01 
1 1 4 1 3 2 4 2 4 1 3 1 4 1 1 3 4 2 4 2 2 3 3 2 2 4 3 3 2 1 1 1 
1.059193e+03 
2.696526e+01 
1 1 4 1 3 2 4 2 4 1 3 1 4 1 1 3 4 2 4 2 2 3 3 2 2 4 3 3 2 1 1 1 
1.363078e+03 
2.721750e+01 
1 1 4 1 3 0 4 2 4 1 3 1 4 1 1 3 4 2 4 2 2 3 3 2 2 4 3 3 2 1 1 1 
1.363078e+03 
2.721750e+01 
1 1 4 1 3 2 4 2 4 1 3 1 4 1 1 3 4 2 4 2 2 3 3 2 2 4 3 3 2 1 1 1 
1.363078e+03 
2.721750e+01 
1 1 4 1 3 2 4 2 4 1 3 1 4 1 1 3 4 2 4 2 2 3 3 2 2 4 3 3 2 1 1 1 
1.363078e+03 
2.721750e+01 
1 1 4 1 3 2 4 2 4 1 3 1 4 1 1 3 4 2 4 2 2 3 3 2 2 4 3 3 2 1 1 1 
1.000059e+03 
2.690781e+01 
1 1 4 1 3 2 4 2 4 1 3 1 4 1 1 3 4 2 4 2 2 3 3 2 2 4 3 2 2 1 1 1 
1.172206e+03 
2.706664e+01 
1 1 4 1 3 2 4 2 4 1 3 1 4 1 1 3 4 2 4 2 2 3 3 2 2 4 3 3 2 1 1 1 
1.363078e+03 
2.721750e+01 
1 1 4 1 3 2 4 2 4 1 3 1 4 1 1 3 4 2 4 2 2 3 3 2 2 4 3 3 2 1 1 1 
1.172206e+03 
2.706664e+01 
1 1 4 1 3 2 4 2 4 1 3 1 4 1 1 3 4 2 4 2 2 3 3 2 2 4 3 2 2 1 1 1 
1.172206e+03 
2.706664e+01 
1 1 4 1 3 2 4 2 4 1 3 1 4 1 1 3 4 2 4 2 2 3 3 2 2 4 3 3 2 4 1 1 
9.608226e+02 
2.686779e+01 
4 1 4 2 3 2 4 2 4 1 3 1 4 1 1 3 4 2 4 2 2 3 3 2 2 4 3 3 2 1 1 1 
7.195890e+02 
2.657868e+01 
