2 1 4 4 3 2 4 2 4 1 3 1 4 1 1 3 4 2 4 1 2 3 3 2 2 3 3 3 2 1 1 1 
9.082659e+02 
2.681154e+01 
2 1 4 4 3 2 4 2 4 1 3 1 4 1 1 3 4 2 4 1 2 2 3 2 2 3 3 3 2 1 1 1 
1.363078e+03 
2.721750e+01 
1 1 4 4 3 2 4 2 4 1 3 1 4 1 1 3 4 2 4 1 2 3 3 2 1 4 3 3 2 1 1 1 
1.267299e+03 
2.714464e+01 
1 1 4 4 3 2 4 2 4 1 3 1 4 1 1 3 4 2 4 1 2 3 3 2 2 4 3 3 2 1 1 1 
6.839725e+02 
2.652792e+01 
2 1 4 4 3 2 4 2 4 1 3 1 4 1 1 3 4 2 4 1 2 3 3 2 2 4 3 3 2 1 1 1 
1.267299e+03 
2.714464e+01 
2 1 4 4 3 2 4 2 4 1 3 1 4 1 1 3 4 2 4 1 2 3 3 2 2 4 3 3 2 1 1 1 
1.267299e+03 
2.714464e+01 
2 1 4 4 3 2 4 2 4 1 3 1 4 1 1 3 4 2 4 1 2 3 3 2 2 4 3 3 1 1 1 1 
1.267299e+03 
2.714464e+01 
2 1 4 4 3 2 4 2 4 1 3 1 4 1 1 3 4 2 4 1 2 3 3 2 2 4 3 3 2 1 1 1 
4.484291e+02 
2.610575e+01 
2 1 4 4 3 2 4 2 4 1 3 1 4 1 2 3 4 2 4 2 0 3 3 2 0 4 3 1 2 1 1 1 
8.807976e+02 
2.678083e+01 
1 1 4 4 3 3 4 2 4 1 3 1 4 1 1 3 4 2 4 1 2 3 3 2 2 4 3 3 2 1 1 1 
1.283500e+03 
2.715735e+01 
1 1 4 4 3 3 4 2 4 1 3 1 4 1 2 3 4 2 4 2 0 3 3 2 0 4 3 3 2 1 1 1 
1.332762e+03 
2.719501e+01 
1 1 4 4 3 3 4 2 4 1 3 1 4 1 2 3 4 2 4 2 2 3 3 2 2 4 3 3 2 1 1 1 
1.332762e+03 
2.719501e+01 
1 1 4 4 3 3 4 2 4 1 3 1 3 1 1 3 4 2 4 2 2 3 3 2 2 4 3 3 2 1 1 1 
1.332762e+03 
2.719501e+01 
1 1 4 4 3 3 4 2 4 1 3 1 4 1 1 3 4 2 4 2 2 3 3 2 3 4 3 3 2 1 1 1 
1.332762e+03 
2.719501e+01 
1 1 4 4 3 3 4 2 4 1 3 1 4 1 1 3 4 2 4 2 2 3 4 2 2 4 3 3 2 1 1 1 
1.332762e+03 
2.719501e+01 
1 1 4 4 3 3 4 2 4 1 3 1 4 1 1 3 4 2 4 2 2 3 2 2 2 4 3 3 2 1 1 1 
1.332762e+03 
2.719501e+01 
1 1 4 4 3 3 4 2 4 1 3 1 4 1 1 3 4 2 4 2 2 3 3 2 2 4 3 3 2 1 1 1 
1.332762e+03 
2.719501e+01 
1 1 4 4 3 3 4 2 4 1 3 1 4 1 1 3 4 2 4 2 2 3 3 2 2 4 3 3 2 1 1 1 
1.332762e+03 
2.719501e+01 
1 1 4 4 3 3 4 2 4 1 3 1 4 1 1 3 4 2 4 2 2 3 3 2 2 4 3 3 2 1 1 1 
1.006529e+03 
2.691426e+01 
1 1 4 4 3 3 4 2 4 1 3 1 4 1 1 3 4 2 4 2 2 3 3 2 2 4 3 3 2 1 1 4 
1.332762e+03 
2.719501e+01 
1 1 4 4 3 3 4 2 4 1 3 1 4 1 1 3 4 2 4 2 2 3 3 2 2 4 3 3 2 1 1 1 
8.770754e+02 
2.677659e+01 
1 1 4 4 3 3 4 2 4 1 3 3 4 1 1 3 4 2 4 2 2 3 3 2 2 4 3 3 2 1 1 1 
1.332762e+03 
2.719501e+01 
1 1 4 4 3 3 4 2 4 1 3 1 4 1 1 3 4 2 4 2 2 3 3 2 2 4 3 3 2 1 1 1 
1.332762e+03 
2.719501e+01 
1 1 4 4 3 3 4 2 4 1 3 1 4 1 1 3 4 2 4 4 2 3 3 2 2 4 3 3 2 1 1 1 
1.332762e+03 
2.719501e+01 
1 1 4 4 3 3 4 2 4 1 3 1 4 1 1 3 4 2 4 4 2 3 3 2 2 4 3 3 2 1 1 1 
1.332762e+03 
2.719501e+01 
1 1 4 4 3 3 4 2 4 1 3 1 4 1 1 3 4 2 4 4 2 3 3 2 2 4 3 3 2 1 1 1 
1.332762e+03 
2.719501e+01 
1 1 4 4 3 3 4 2 4 1 3 1 4 1 1 3 4 2 4 4 2 3 3 2 2 4 3 3 2 1 1 1 
1.332762e+03 
2.719501e+01 
1 1 4 4 3 3 4 2 4 1 3 1 4 1 1 3 4 2 4 4 2 3 3 2 2 4 3 3 2 1 1 1 
1.332762e+03 
2.719501e+01 
1 1 4 4 3 3 4 2 4 1 1 1 4 1 1 3 4 2 4 4 2 3 4 2 2 4 3 3 2 1 1 1 
8.523308e+02 
2.674797e+01 
1 1 4 4 3 3 4 2 4 1 3 1 4 1 1 3 4 2 4 2 2 3 3 2 2 4 3 3 2 1 1 1 
1.332762e+03 
2.719501e+01 
1 1 4 4 3 3 4 2 4 1 3 1 4 1 1 3 3 2 4 2 2 3 3 2 2 4 3 3 2 1 1 1 
1.149563e+03 
2.704714e+01 
1 1 4 4 3 3 4 2 4 1 3 1 4 1 1 3 4 2 0 2 2 3 3 2 2 4 3 3 2 1 1 1 
1.332762e+03 
2.719501e+01 
1 1 4 4 3 3 4 2 4 1 3 2 4 1 1 3 4 2 4 2 2 3 3 2 2 4 3 3 2 1 1 1 
1.332762e+03 
2.719501e+01 
1 1 4 4 3 3 4 2 4 0 3 1 4 1 1 3 4 2 4 2 0 3 3 2 2 4 3 3 2 1 1 1 
1.274955e+03 
2.715067e+01 
1 1 4 4 3 3 4 2 4 1 3 1 4 1 1 3 4 2 4 2 2 3 3 2 2 4 3 3 2 1 1 1 
1.332762e+03 
2.719501e+01 
1 1 4 4 3 3 4 2 4 1 3 1 4 1 1 3 4 2 4 2 0 3 3 2 2 4 3 3 2 1 1 1 
1.332762e+03 
2.719501e+01 
1 1 4 4 3 3 4 2 4 1 3 1 4 1 1 3 4 2 4 2 2 3 3 2 2 4 3 3 2 1 1 1 
1.160385e+03 
2.705651e+01 
1 1 4 4 3 3 1 2 4 1 3 1 4 1 1 3 4 2 1 2 2 3 3 2 2 4 3 3 2 1 1 1 
8.474003e+02 
2.674217e+01 
1 1 4 4 3 3 1 2 4 1 3 1 4 1 1 3 4 2 4 2 2 3 3 2 2 4 3 3 2 1 1 1 
1.332762e+03 
2.719501e+01 
1 1 4 4 3 3 1 2 4 1 3 1 4 1 1 3 4 2 4 2 2 3 3 2 2 4 3 3 2 1 1 1 
1.332762e+03 
2.719501e+01 
1 1 4 4 3 3 1 2 4 1 3 1 4 1 1 3 4 2 4 2 2 3 3 2 2 4 3 3 2 1 1 1 
1.199640e+03 
2.708978e+01 
1 1 4 4 3 3 1 2 4 1 3 1 4 1 1 3 4 2 4 2 2 3 3 2 2 4 3 3 2 1 1 1 
1.199640e+03 
2.708978e+01 
1 1 4 4 3 3 1 2 4 1 3 1 4 1 1 3 4 2 4 2 2 3 3 2 2 4 3 3 2 1 1 1 
1.199640e+03 
2.708978e+01 
3 1 4 4 3 3 1 2 4 1 3 1 4 1 1 3 4 2 4 2 2 3 3 2 2 4 3 3 2 1 1 1 
1.199640e+03 
2.708978e+01 
3 1 4 4 3 3 1 2 4 1 3 1 4 1 1 3 4 2 4 2 2 3 3 2 2 4 3 2 2 1 1 1 
9.969817e+02 
2.690473e+01 
3 1 4 4 3 3 1 2 4 1 3 1 4 1 1 3 4 2 4 2 2 3 3 2 2 4 3 2 2 1 1 1 
1.089847e+03 
2.699379e+01 
3 1 4 4 3 3 1 2 4 1 3 1 4 1 1 3 4 2 4 2 2 3 3 2 2 4 3 3 2 1 1 1 
7.323406e+02 
2.659625e+01 
3 1 4 4 3 3 1 2 4 1 3 1 4 3 1 3 4 2 4 2 2 3 3 2 2 4 3 2 2 1 1 1 
1.089847e+03 
2.699379e+01 
3 1 4 4 3 3 1 2 4 1 1 1 4 1 1 3 4 2 4 2 2 3 3 2 2 4 3 3 2 1 1 1 
1.089847e+03 
2.699379e+01 
3 1 4 4 3 3 1 2 4 1 3 1 4 1 1 3 4 2 4 2 2 3 3 2 2 4 3 3 2 1 1 1 
1.089847e+03 
2.699379e+01 
3 1 4 4 3 3 1 2 4 1 3 1 4 1 1 3 4 2 4 2 2 3 3 2 2 4 3 3 2 1 1 1 
1.363078e+03 
2.721750e+01 
1 1 4 3 3 2 4 2 4 0 3 1 4 1 1 3 4 2 4 3 2 3 3 2 2 4 3 3 2 1 1 1 
1.363078e+03 
2.721750e+01 
1 1 4 3 3 2 4 2 4 1 3 1 4 1 1 3 4 2 4 3 2 3 3 2 2 4 3 3 2 1 1 1 
5.363372e+02 
2.628476e+01 
1 1 4 3 3 2 4 2 4 1 3 1 4 1 1 3 4 2 4 3 2 3 3 2 2 4 3 3 2 1 1 1 
1.363078e+03 
2.721750e+01 
1 1 4 3 3 2 4 2 4 1 3 1 4 1 1 3 4 2 4 3 2 3 3 2 2 4 3 3 2 1 1 1 
1.363078e+03 
2.721750e+01 
1 1 4 3 3 2 4 2 4 1 3 1 4 1 1 3 4 2 4 3 2 3 3 2 2 4 3 3 2 1 1 1 
1.363078e+03 
2.721750e+01 
1 1 4 3 3 2 4 2 4 1 3 1 4 1 1 3 4 2 4 3 2 3 3 2 2 4 3 3 2 1 1 1 
1.363078e+03 
2.721750e+01 
1 1 4 3 3 2 4 2 4 1 3 1 4 1 1 3 4 2 4 3 2 3 3 2 2 4 3 3 2 1 1 1 
1.363078e+03 
2.721750e+01 
1 1 4 3 3 2 4 2 4 1 3 1 4 1 1 3 4 2 4 3 2 3 3 2 2 4 3 3 2 1 1 1 
1.363078e+03 
2.721750e+01 
1 1 4 3 1 2 4 2 4 1 3 1 4 1 1 3 4 2 4 2 2 3 3 3 2 4 3 3 2 1 1 1 
1.363078e+03 
2.721750e+01 
1 1 4 3 3 2 4 2 4 1 3 1 4 1 1 3 4 2 4 2 2 3 3 2 2 4 3 3 2 1 1 1 
9.086423e+02 
2.681195e+01 
1 1 4 3 3 2 4 2 4 1 3 1 4 1 1 3 4 2 4 2 2 3 3 2 2 4 3 3 2 1 1 1 
1.246307e+03 
2.712794e+01 
1 1 4 3 3 2 4 2 4 1 3 1 4 1 1 3 4 2 4 2 2 3 3 2 2 4 3 3 2 1 1 1 
7.059458e+02 
2.655954e+01 
1 1 4 3 3 2 4 2 4 1 3 1 4 1 1 3 4 2 4 2 2 3 3 2 2 4 3 3 2 1 1 1 
1.363078e+03 
2.721750e+01 
1 1 4 3 3 2 4 2 4 1 3 1 4 1 1 3 4 2 4 2 2 3 3 2 2 4 3 3 2 1 1 4 
1.363078e+03 
2.721750e+01 
1 1 4 3 3 2 4 2 4 1 3 1 4 1 1 3 4 2 4 2 2 3 3 2 2 4 3 3 2 1 1 1 
1.363078e+03 
2.721750e+01 
1 1 4 3 3 2 4 2 4 1 3 1 4 1 1 3 4 2 4 2 2 3 3 2 2 4 3 3 2 1 1 1 
1.084748e+03 
2.698910e+01 
1 1 4 2 3 2 4 2 4 1 3 3 4 1 1 3 4 2 4 2 2 3 3 2 2 4 3 3 2 1 1 1 
1.363078e+03 
2.721750e+01 
1 1 4 1 3 2 4 2 4 1 3 1 4 1 1 3 4 2 4 2 2 3 3 2 2 4 3 3 2 1 1 1 
1.363078e+03 
2.721750e+01 
1 1 4 1 3 2 4 2 4 1 3 1 4 1 1 3 4 2 4 2 2 3 3 2 2 4 3 3 2 1 1 1 
1.115802e+03 
2.701733e+01 
1 1 4 1 3 2 4 2 4 1 3 1 4 1 1 3 4 2 4 2 2 3 3 2 2 4 3 3 2 1 1 1 
1.363078e+03 
2.721750e+01 
1 1 4 1 3 2 4 2 4 1 3 1 4 1 1 3 4 2 4 2 2 3 3 2 2 4 3 3 2 1 1 1 
9.261800e+02 
2.683107e+01 
1 1 4 2 3 2 4 2 4 1 3 1 4 0 1 3 4 2 4 3 2 3 3 4 2 4 3 3 2 1 1 1 
1.363078e+03 
2.721750e+01 
1 1 4 2 3 2 4 2 4 1 3 1 4 0 1 3 4 2 4 2 2 3 3 2 2 4 3 3 2 1 1 1 
7.142615e+02 
2.657125e+01 
1 1 4 4 3 2 4 2 4 1 3 1 4 0 1 3 4 2 4 2 2 3 3 2 2 4 3 3 2 1 1 1 
1.363078e+03 
2.721750e+01 
1 1 4 2 3 2 4 2 4 1 3 1 4 0 1 3 4 2 4 2 2 3 3 2 2 4 3 3 2 1 1 1 
1.130793e+03 
2.703067e+01 
1 1 4 2 3 2 4 2 4 1 3 1 4 0 1 3 4 2 4 2 2 3 3 2 2 4 3 3 2 2 1 1 
1.130793e+03 
2.703067e+01 
1 1 4 2 3 2 4 2 4 1 3 1 4 0 1 3 4 2 4 2 2 3 3 2 2 4 3 3 2 1 1 1 
1.130793e+03 
2.703067e+01 
1 1 4 2 3 2 4 2 4 1 3 1 4 1 1 3 4 2 4 2 2 3 3 2 2 4 3 3 2 1 1 1 
1.130793e+03 
2.703067e+01 
1 1 4 2 3 2 4 2 4 1 3 1 4 1 1 3 4 2 4 2 2 3 3 2 2 4 3 3 2 1 1 1 
7.631106e+02 
2.663740e+01 
1 1 4 2 3 2 4 2 4 1 3 1 4 1 1 3 4 2 4 2 2 3 3 2 2 4 3 3 2 1 1 1 
1.363078e+03 
2.721750e+01 
1 1 4 2 3 2 4 2 4 1 3 1 4 1 1 3 4 2 4 2 2 3 3 2 2 4 3 3 2 1 1 1 
1.363078e+03 
2.721750e+01 
1 1 4 2 3 2 3 2 4 1 3 1 4 1 1 3 4 2 4 2 2 3 3 2 2 4 3 3 2 1 1 1 
1.363078e+03 
2.721750e+01 
1 1 4 2 3 2 4 2 4 1 3 1 4 1 1 3 4 2 4 2 2 3 3 2 2 4 3 3 2 1 1 1 
1.363078e+03 
2.721750e+01 
1 1 4 2 3 2 4 2 4 1 3 1 4 1 1 3 4 2 4 2 2 3 3 2 2 4 3 3 2 1 1 1 
1.363078e+03 
2.721750e+01 
1 1 4 2 3 2 4 2 4 1 3 1 4 1 1 3 4 2 4 2 2 3 3 2 2 4 3 3 2 1 1 1 
1.363078e+03 
2.721750e+01 
1 1 4 2 3 2 4 2 4 1 3 1 4 1 1 3 4 2 4 2 2 3 3 2 2 4 3 3 2 4 1 1 
1.172206e+03 
2.706664e+01 
1 1 4 2 3 2 4 2 4 1 3 1 4 1 1 3 4 2 4 2 2 3 3 2 2 4 3 3 2 4 1 1 
1.172206e+03 
2.706664e+01 
1 1 4 2 3 2 4 2 4 1 3 1 4 1 1 3 4 2 4 2 2 3 3 2 2 4 3 3 2 4 1 1 
1.172206e+03 
2.706664e+01 
1 1 4 2 3 2 4 2 4 1 3 1 4 1 1 3 4 2 4 2 2 3 3 2 2 4 3 3 2 4 1 1 
1.172206e+03 
2.706664e+01 
1 1 4 2 3 2 4 2 4 1 3 1 4 1 1 3 4 2 4 2 2 3 3 2 2 4 3 3 2 4 1 1 
1.363078e+03 
2.721750e+01 
1 2 4 2 3 2 4 2 4 1 3 1 4 1 1 3 4 2 4 2 2 4 2 2 2 4 3 3 2 1 1 1 
5.200963e+02 
2.625401e+01 
1 1 4 2 3 2 4 2 4 1 3 1 4 1 1 3 4 2 4 2 2 4 3 2 2 4 3 3 2 1 1 1 
8.158664e+02 
2.670425e+01 
1 1 4 2 3 2 4 2 4 1 3 1 4 1 1 3 4 2 4 2 2 4 3 2 2 4 3 3 2 1 1 1 
1.363078e+03 
2.721750e+01 
1 1 4 2 3 2 4 2 4 1 3 1 4 1 1 3 4 2 4 2 2 4 3 2 2 4 3 3 2 1 1 1 
1.219142e+03 
2.710590e+01 
1 1 4 2 3 2 4 2 4 1 3 1 4 1 1 3 4 2 4 2 2 4 3 2 2 4 3 3 2 1 1 1 
1.219142e+03 
2.710590e+01 
1 1 4 2 3 2 4 2 4 1 3 1 4 1 1 3 4 2 4 2 2 4 3 2 2 4 3 3 2 1 1 1 
1.219142e+03 
2.710590e+01 
1 1 4 2 3 2 4 2 4 1 3 1 4 1 1 3 4 2 4 2 2 4 3 2 2 4 3 3 2 1 1 1 
1.219142e+03 
2.710590e+01 
1 1 4 4 3 2 4 2 4 1 3 1 4 1 1 3 4 2 4 2 2 4 3 2 2 4 3 3 2 1 1 1 
1.219142e+03 
2.710590e+01 
1 1 4 2 3 2 4 2 4 1 3 1 4 1 1 3 4 2 4 2 2 4 3 2 2 4 3 3 2 1 1 1 
1.219142e+03 
2.710590e+01 
