1 1 4 3 3 3 1 2 1 1 3 1 4 2 1 3 1 2 2 3 2 3 1 2 3 4 4 3 2 1 1 1 
1.155393e+03 
2.705220e+01 
1 1 4 3 3 3 1 2 1 1 3 1 4 2 1 3 1 2 2 3 2 3 1 2 3 4 4 3 2 1 1 1 
1.155393e+03 
2.705220e+01 
1 1 4 3 3 3 1 2 1 1 3 1 4 2 1 3 1 2 2 3 2 3 1 2 3 4 4 3 2 1 1 1 
7.000055e+02 
2.655109e+01 
1 1 4 3 3 3 1 2 1 2 3 1 4 2 1 3 1 2 2 3 2 3 1 2 3 4 4 3 2 1 1 1 
9.215836e+02 
2.682609e+01 
1 1 4 3 3 3 1 2 1 2 3 0 4 2 1 3 1 2 2 3 2 3 1 2 3 4 4 3 2 1 1 1 
1.155393e+03 
2.705220e+01 
1 1 4 3 3 3 1 2 1 1 3 1 4 2 1 2 1 2 2 3 2 3 1 2 3 4 4 3 2 1 1 1 
8.414498e+02 
2.673513e+01 
1 1 4 3 3 3 1 2 1 1 3 1 4 2 1 3 1 2 2 3 2 3 1 1 3 4 4 3 2 1 1 1 
1.155393e+03 
2.705220e+01 
1 1 4 3 3 3 1 2 1 1 3 1 4 2 1 3 1 2 2 3 2 3 1 1 3 4 4 3 2 1 1 1 
1.155393e+03 
2.705220e+01 
1 1 4 3 3 3 1 2 1 1 3 1 4 2 1 3 1 2 2 1 2 3 1 2 3 4 4 3 2 1 1 1 
1.155393e+03 
2.705220e+01 
1 1 4 3 3 3 1 2 1 1 3 1 4 2 1 3 1 2 2 1 2 3 1 2 3 4 4 3 2 1 1 1 
1.155393e+03 
2.705220e+01 
1 1 4 3 3 3 1 2 1 1 3 1 4 2 1 3 1 2 2 1 2 3 1 2 3 4 4 3 2 1 1 1 
1.155393e+03 
2.705220e+01 
1 1 4 3 3 3 1 2 1 1 3 1 4 2 1 3 1 2 2 1 2 3 1 2 3 4 4 3 2 1 1 1 
1.155393e+03 
2.705220e+01 
1 1 4 3 3 3 1 2 1 1 3 1 4 2 1 3 1 2 2 1 2 3 1 2 3 4 4 3 2 1 1 1 
6.367677e+02 
2.645640e+01 
1 1 4 3 3 3 1 2 1 1 3 1 4 2 1 3 1 2 2 1 2 3 1 2 3 4 4 3 2 1 1 1 
9.550597e+02 
2.686177e+01 
1 1 4 3 3 3 1 2 1 1 3 1 4 2 1 3 1 2 2 1 2 3 1 2 3 4 4 3 2 1 1 1 
1.155393e+03 
2.705220e+01 
1 1 4 3 3 3 1 2 1 1 3 1 4 2 1 3 1 2 2 1 2 3 1 2 3 4 4 3 2 1 1 1 
1.155393e+03 
2.705220e+01 
1 4 4 3 3 3 1 2 1 1 3 1 4 2 1 3 1 2 2 1 2 3 1 2 3 4 4 3 2 1 1 1 
1.155393e+03 
2.705220e+01 
1 1 4 3 3 3 1 2 1 1 3 1 4 2 1 3 1 2 2 1 2 3 1 2 3 4 4 3 2 1 1 1 
1.155393e+03 
2.705220e+01 
1 1 4 3 3 3 1 2 1 1 3 1 4 2 1 3 1 2 2 4 2 3 1 2 3 4 4 3 2 1 1 1 
1.155393e+03 
2.705220e+01 
1 1 4 3 3 3 0 2 1 1 3 1 4 2 1 3 1 2 2 1 2 3 1 2 3 4 4 3 2 1 1 1 
8.516066e+02 
2.674712e+01 
1 1 1 3 3 3 0 2 1 1 3 1 4 2 1 3 1 2 2 1 2 3 1 2 3 4 4 3 2 1 1 1 
1.155393e+03 
2.705220e+01 
1 1 4 3 3 3 0 2 1 1 3 1 4 2 1 3 1 2 2 1 2 3 1 2 3 4 4 3 2 1 1 1 
1.155393e+03 
2.705220e+01 
1 1 4 3 3 3 1 2 1 1 3 1 4 2 1 3 1 2 2 1 2 3 1 2 3 4 4 3 2 1 1 1 
1.155393e+03 
2.705220e+01 
1 1 4 3 3 3 1 2 1 1 3 1 4 2 1 3 1 2 2 1 2 3 1 2 3 4 4 3 2 1 1 1 
1.155393e+03 
2.705220e+01 
1 1 4 3 3 3 1 2 1 1 3 1 4 2 1 3 1 2 2 1 2 3 1 2 3 4 4 3 2 1 1 1 
8.143485e+02 
2.670239e+01 
1 1 4 3 3 3 1 2 1 1 3 1 4 2 1 3 1 2 2 1 2 3 1 2 3 4 4 3 2 1 1 1 
9.439579e+02 
2.685008e+01 
1 1 4 3 3 3 1 2 1 1 3 1 4 2 1 3 1 2 2 1 2 3 1 2 3 4 4 3 2 1 1 1 
9.439579e+02 
2.685008e+01 
1 1 4 3 3 3 1 2 1 1 3 1 4 2 1 3 1 2 2 2 2 3 3 2 3 4 4 3 2 1 1 1 
1.155393e+03 
2.705220e+01 
1 1 4 3 3 3 1 2 1 1 3 1 4 2 1 3 1 2 2 2 2 3 3 2 3 4 4 3 2 1 1 1 
1.155393e+03 
2.705220e+01 
1 1 4 3 3 3 1 2 1 1 3 1 4 2 1 3 1 2 2 1 2 3 1 2 3 4 4 3 2 1 1 1 
8.500139e+02 
2.674525e+01 
1 1 4 3 3 3 1 2 1 1 3 1 4 2 1 3 1 2 2 1 2 3 1 2 3 4 4 3 2 1 1 1 
1.155393e+03 
2.705220e+01 
1 1 4 3 3 3 1 2 1 1 3 1 4 2 1 3 1 2 2 1 2 3 1 2 3 4 4 3 2 1 1 1 
1.155393e+03 
2.705220e+01 
1 1 4 3 3 3 1 2 1 1 3 1 4 2 1 3 1 2 2 1 2 3 1 2 3 4 4 3 2 1 1 1 
8.732144e+02 
2.677218e+01 
1 1 4 3 3 3 1 2 1 1 3 1 4 2 1 3 1 2 2 1 2 3 1 2 3 4 4 3 2 1 1 1 
1.155393e+03 
2.705220e+01 
1 1 4 3 3 3 1 2 1 1 3 1 4 2 1 3 1 2 2 1 2 3 1 2 3 4 4 3 2 1 1 1 
1.155393e+03 
2.705220e+01 
1 1 4 3 3 3 1 2 1 1 3 1 4 2 1 3 1 2 2 1 2 3 1 2 3 4 4 3 2 1 1 1 
6.190151e+02 
2.642813e+01 
1 1 4 3 3 3 1 2 3 1 3 1 4 2 1 3 1 2 2 1 2 3 1 2 3 4 4 3 2 1 1 1 
5.027737e+02 
2.622014e+01 
1 1 4 3 3 3 1 2 1 1 3 1 4 2 1 3 1 2 2 1 2 3 1 2 3 4 4 3 2 1 1 1 
6.504559e+02 
2.647767e+01 
1 1 4 3 3 3 1 2 1 1 3 1 4 2 1 3 1 2 2 1 2 3 1 2 3 4 4 3 2 1 1 1 
5.343339e+02 
2.628102e+01 
0 1 4 3 3 3 1 2 1 1 3 1 4 2 1 3 1 2 2 1 2 3 1 2 3 4 4 3 2 1 1 1 
5.343339e+02 
2.628102e+01 
1 1 4 3 3 3 1 2 1 1 3 1 4 2 1 3 1 2 2 1 2 3 1 2 3 4 4 3 2 1 1 1 
8.120068e+02 
2.669951e+01 
1 1 4 4 3 4 1 2 1 1 3 1 4 2 1 3 1 2 1 1 2 3 1 2 3 4 4 3 2 1 1 1 
8.120068e+02 
2.669951e+01 
1 3 4 4 3 4 1 2 1 1 3 2 4 2 1 3 1 2 2 1 2 3 1 2 3 4 4 3 0 1 1 1 
8.120068e+02 
2.669951e+01 
1 1 4 2 3 3 1 2 1 1 3 1 4 2 1 3 1 2 2 1 2 3 1 2 3 4 4 3 0 1 1 1 
8.120068e+02 
2.669951e+01 
1 1 4 2 3 3 1 2 1 1 3 1 4 2 1 3 1 2 2 1 2 3 1 2 3 4 4 3 0 1 1 1 
5.342239e+02 
2.628082e+01 
1 1 4 2 3 3 1 2 1 1 3 1 4 2 1 3 1 2 2 1 2 3 1 2 3 4 4 3 0 1 1 1 
5.342239e+02 
2.628082e+01 
1 1 4 2 3 1 1 2 1 1 3 1 4 2 1 3 1 2 2 1 2 3 1 2 3 4 4 3 0 1 1 1 
4.298020e+02 
2.606332e+01 
1 1 4 2 3 1 1 2 1 1 3 1 4 2 1 3 1 2 2 1 2 3 1 2 3 4 4 3 0 1 1 1 
7.825148e+02 
2.666251e+01 
1 1 4 2 3 1 1 2 4 1 3 1 4 2 1 3 1 2 2 1 2 3 1 2 3 4 4 3 0 1 1 1 
1.130770e+03 
2.703065e+01 
1 1 4 2 3 1 1 2 1 1 3 1 4 2 1 3 1 2 2 1 2 3 1 2 3 4 4 3 0 1 1 1 
1.130770e+03 
2.703065e+01 
1 1 4 2 3 1 1 2 1 1 3 2 4 2 1 3 1 2 2 1 2 3 1 2 4 4 4 3 2 1 1 1 
1.130770e+03 
2.703065e+01 
1 1 4 2 3 3 4 2 1 1 3 1 4 2 1 3 1 2 2 1 2 3 1 2 3 4 4 3 0 1 1 1 
1.130770e+03 
2.703065e+01 
1 1 4 2 3 3 4 2 1 1 3 1 4 2 1 3 1 2 2 1 2 3 1 2 3 4 4 3 2 1 1 1 
7.291164e+02 
2.659183e+01 
1 1 4 2 3 3 4 2 1 1 3 1 4 2 1 3 1 2 2 1 2 3 1 2 3 4 4 3 2 1 1 1 
8.931375e+02 
2.679474e+01 
1 1 4 2 3 3 4 2 1 1 3 0 4 2 1 3 1 2 2 1 2 3 1 2 3 4 4 3 2 1 1 4 
1.130770e+03 
2.703065e+01 
1 1 4 2 3 3 4 2 1 1 3 1 4 2 1 3 1 2 2 1 2 3 1 2 3 4 4 3 2 1 1 4 
1.130770e+03 
2.703065e+01 
1 1 4 2 3 3 4 2 1 1 3 1 4 2 1 3 1 2 2 1 2 3 1 2 3 4 4 3 2 1 1 1 
1.130770e+03 
2.703065e+01 
1 1 4 0 3 3 4 2 1 1 3 1 4 2 1 3 1 2 2 1 2 3 1 2 3 4 4 3 2 1 1 1 
8.045729e+02 
2.669031e+01 
1 1 4 2 3 3 4 2 1 1 3 1 4 2 1 3 1 2 2 1 2 3 1 1 3 4 4 3 2 3 1 1 
7.444535e+02 
2.661265e+01 
1 1 4 2 3 3 4 2 1 1 3 1 4 2 1 3 1 2 2 1 2 3 1 1 3 4 4 3 2 1 1 1 
1.130770e+03 
2.703065e+01 
1 1 4 2 3 3 4 2 1 1 3 1 4 2 1 3 1 2 2 1 2 3 1 2 3 4 3 3 2 1 1 1 
1.130770e+03 
2.703065e+01 
1 1 4 2 3 3 4 2 1 1 3 1 4 2 1 3 1 2 2 1 2 3 1 2 3 4 4 3 2 1 1 1 
1.130770e+03 
2.703065e+01 
1 1 4 2 3 3 4 2 1 1 3 1 4 2 1 3 1 2 2 1 2 3 1 2 3 4 4 3 2 1 1 1 
1.130770e+03 
2.703065e+01 
1 1 4 2 3 3 4 2 1 1 3 1 4 2 1 3 1 2 2 1 2 3 1 2 3 4 4 3 2 1 1 1 
1.130770e+03 
2.703065e+01 
1 1 4 2 3 3 4 2 1 1 3 1 4 2 1 3 1 2 2 1 2 3 1 2 3 4 4 3 2 1 1 1 
1.130770e+03 
2.703065e+01 
1 1 4 2 3 3 4 2 1 1 3 1 4 2 1 3 1 2 2 1 2 3 1 2 3 4 4 3 2 1 1 1 
1.130770e+03 
2.703065e+01 
1 1 4 2 3 3 4 2 1 1 3 1 4 2 1 3 1 2 2 1 2 3 1 2 3 4 4 3 2 1 1 1 
1.130770e+03 
2.703065e+01 
1 1 4 2 3 3 4 2 1 1 3 1 4 3 1 3 1 2 2 1 2 3 1 2 3 4 4 3 2 1 1 1 
1.130770e+03 
2.703065e+01 
1 1 4 2 3 3 4 2 1 1 3 1 4 2 1 3 1 2 2 1 2 3 1 2 3 4 4 3 2 1 1 1 
5.746794e+02 
2.635381e+01 
1 1 4 2 3 3 4 2 1 1 3 1 4 2 1 3 1 2 2 1 2 3 1 2 3 4 4 3 2 1 1 1 
1.130770e+03 
2.703065e+01 
1 1 4 2 3 3 4 2 1 1 3 1 4 2 1 3 1 2 2 1 2 3 1 2 3 4 4 3 2 1 1 1 
1.057693e+03 
2.696385e+01 
1 1 4 2 3 3 4 2 1 1 3 1 4 2 1 3 1 2 2 1 2 3 1 2 3 4 4 3 2 1 1 1 
1.155393e+03 
2.705220e+01 
1 1 4 3 3 3 1 2 3 1 3 1 4 3 1 3 1 2 2 1 2 3 1 2 3 4 4 3 2 1 1 1 
1.155393e+03 
2.705220e+01 
1 1 4 3 3 3 1 2 1 1 3 1 4 3 1 3 1 2 2 1 2 3 1 2 3 4 4 3 2 1 1 1 
7.016489e+02 
2.655343e+01 
1 1 4 3 3 3 1 2 1 1 3 1 4 3 1 3 1 2 2 1 2 3 1 2 3 4 4 3 2 1 1 1 
1.155393e+03 
2.705220e+01 
1 1 2 3 3 3 1 2 1 1 3 1 4 2 1 3 1 2 2 1 2 3 1 2 3 4 4 3 2 1 1 1 
6.204424e+02 
2.643043e+01 
1 1 4 3 3 3 1 2 1 1 3 1 4 2 1 3 1 2 2 1 2 3 1 2 3 4 4 3 2 1 1 1 
8.414498e+02 
2.673513e+01 
1 1 4 3 3 3 3 2 1 1 3 1 4 2 1 3 1 2 2 1 2 3 1 2 3 4 4 3 2 1 1 1 
1.155393e+03 
2.705220e+01 
1 1 4 3 3 3 1 2 1 1 3 1 4 2 1 3 1 2 2 3 2 3 1 1 3 4 4 3 2 1 1 1 
1.155393e+03 
2.705220e+01 
1 1 4 3 3 3 1 2 1 1 3 1 4 2 1 3 1 2 2 3 2 3 1 1 3 4 4 3 2 1 1 1 
1.027087e+03 
2.693448e+01 
1 1 4 3 3 3 1 2 1 1 3 1 4 2 1 3 1 2 2 1 2 3 1 2 3 4 4 3 2 1 1 1 
1.027087e+03 
2.693448e+01 
1 1 4 3 3 3 1 2 1 1 3 1 4 2 1 3 1 2 2 3 2 3 1 1 3 4 4 3 2 1 1 1 
7.772139e+02 
2.665572e+01 
1 1 4 3 3 2 1 2 1 1 3 1 4 2 1 3 1 2 2 3 2 3 1 2 3 4 4 3 2 1 1 1 
1.155393e+03 
2.705220e+01 
1 1 4 3 3 2 1 2 1 1 3 1 4 2 1 3 1 2 2 3 2 3 1 2 3 4 4 3 2 1 1 1 
1.155393e+03 
2.705220e+01 
1 1 4 3 3 2 1 2 1 1 3 1 4 2 1 3 1 2 2 1 2 3 1 2 3 4 4 3 2 1 1 1 
4.999025e+02 
2.621441e+01 
1 1 4 3 3 2 1 2 1 1 3 1 4 2 1 3 1 2 2 3 2 3 1 2 3 4 4 3 2 1 1 1 
9.018655e+02 
2.680447e+01 
1 1 4 3 3 3 1 2 1 1 3 1 4 2 1 3 1 2 2 1 2 3 1 2 3 4 4 3 2 1 1 1 
1.093330e+03 
2.699698e+01 
1 1 4 3 3 3 1 2 1 1 0 1 4 2 1 3 1 2 2 1 2 3 1 2 3 4 4 3 2 1 1 1 
1.093330e+03 
2.699698e+01 
1 1 4 3 3 3 1 2 1 1 3 1 4 2 1 3 1 2 2 1 2 3 1 2 3 4 4 3 2 1 1 1 
1.155393e+03 
2.705220e+01 
1 1 4 3 3 3 1 2 1 1 3 1 4 2 1 3 1 2 2 1 2 3 1 2 3 4 4 3 2 1 1 1 
1.155393e+03 
2.705220e+01 
1 1 4 3 3 3 1 2 1 1 3 1 4 2 1 3 1 4 2 1 2 3 1 2 3 4 4 3 2 1 1 4 
8.265507e+02 
2.671726e+01 
1 1 4 3 3 3 1 2 1 1 3 1 4 2 1 3 1 4 2 1 2 3 1 2 3 4 4 3 2 1 3 4 
1.155393e+03 
2.705220e+01 
1 1 4 3 3 3 1 2 1 1 3 1 4 2 1 3 1 2 2 1 2 3 1 2 2 4 4 3 2 1 1 1 
9.689078e+02 
2.687617e+01 
1 1 4 3 3 3 1 2 1 1 3 1 4 2 1 3 1 2 2 1 2 3 1 2 2 4 4 3 2 1 1 1 
1.155393e+03 
2.705220e+01 
1 1 4 3 3 3 1 2 1 1 3 1 4 2 1 3 1 2 2 1 2 3 1 2 3 4 4 3 2 1 1 0 
7.428981e+02 
2.661056e+01 
1 1 4 3 3 2 1 2 1 1 3 1 4 2 1 3 1 2 2 1 2 3 1 2 2 4 4 3 2 1 1 1 
7.428981e+02 
2.661056e+01 
1 1 4 3 3 3 1 2 1 1 3 1 4 2 1 3 1 2 2 1 2 3 1 2 3 4 4 3 2 1 1 1 
7.428981e+02 
2.661056e+01 
1 1 4 3 3 3 1 2 1 1 3 1 4 2 1 3 1 2 2 1 2 3 1 2 3 4 4 3 2 1 1 1 
3.575262e+02 
2.587921e+01 
1 1 4 3 3 3 1 2 1 1 2 1 4 2 1 3 1 2 2 1 2 3 1 2 3 4 4 3 2 1 1 1 
1.155393e+03 
2.705220e+01 
1 1 4 3 3 3 1 2 1 1 2 1 4 2 1 3 1 2 2 2 2 3 1 2 3 4 4 3 2 1 1 1 
1.155393e+03 
2.705220e+01 
