1 1 4 2 3 3 4 2 1 1 3 1 4 1 1 2 4 2 1 0 3 3 3 2 2 4 4 3 2 1 1 1 
7.995863e+02 
2.668409e+01 
1 1 4 2 3 3 4 2 1 1 3 1 4 1 1 3 4 2 1 0 3 3 3 2 2 4 4 3 2 1 1 1 
1.325053e+03 
2.718921e+01 
1 1 4 2 3 3 4 2 1 1 3 1 4 1 1 3 4 2 1 0 3 3 3 2 2 4 4 3 2 1 1 1 
1.325053e+03 
2.718921e+01 
1 1 4 2 3 3 4 2 1 1 3 1 4 1 1 3 4 2 1 0 3 3 3 2 2 4 4 3 2 1 1 1 
1.062952e+03 
2.696880e+01 
1 1 4 2 3 3 4 2 1 1 3 1 4 1 1 3 4 2 1 1 3 3 3 2 2 4 4 3 2 1 1 1 
1.062952e+03 
2.696880e+01 
1 1 1 2 3 3 4 2 1 1 3 1 4 1 1 3 4 2 1 1 3 3 3 2 2 4 4 3 2 1 1 1 
1.325053e+03 
2.718921e+01 
1 1 1 2 3 3 4 2 1 1 3 1 4 1 1 2 4 2 1 1 3 3 3 2 2 4 4 3 2 1 1 1 
1.345923e+03 
2.720484e+01 
1 1 1 2 3 3 4 2 1 1 3 1 4 1 1 3 4 2 1 1 3 3 3 2 2 4 4 3 2 1 1 1 
1.119481e+03 
2.702062e+01 
1 1 4 2 3 3 4 2 1 1 3 1 4 1 1 3 4 2 4 1 3 3 3 2 2 4 4 3 2 1 1 1 
1.345923e+03 
2.720484e+01 
1 1 4 2 3 3 4 2 1 1 3 1 4 1 1 3 4 2 1 1 3 3 3 2 2 4 4 3 2 1 1 1 
1.345923e+03 
2.720484e+01 
1 1 4 2 3 3 4 2 1 1 3 1 4 1 1 3 4 2 1 1 3 3 3 2 2 4 4 3 2 1 1 1 
1.164635e+03 
2.706016e+01 
1 1 4 2 3 3 4 2 1 1 3 1 4 1 1 3 4 2 1 1 3 3 3 2 2 4 4 3 2 1 1 1 
9.333254e+02 
2.683875e+01 
1 1 4 2 3 3 4 2 1 1 3 1 4 1 1 3 4 2 1 1 3 3 3 2 2 1 4 3 2 1 1 1 
1.164635e+03 
2.706016e+01 
1 1 4 2 3 3 4 2 1 1 3 1 4 1 1 3 1 2 1 1 3 3 3 2 2 4 4 3 2 1 1 1 
1.328418e+03 
2.719174e+01 
1 1 4 2 3 3 4 2 1 1 3 1 4 1 1 3 4 2 1 1 3 3 3 2 2 0 4 3 2 1 1 1 
1.328418e+03 
2.719174e+01 
1 1 4 2 3 3 4 2 1 1 3 1 4 1 1 3 4 2 1 1 3 3 3 2 2 0 4 3 2 1 1 1 
1.328418e+03 
2.719174e+01 
1 1 4 2 3 3 4 2 1 1 3 1 4 1 1 3 4 2 1 1 3 3 3 2 2 1 4 3 2 1 1 1 
1.328418e+03 
2.719174e+01 
1 1 4 2 3 3 4 2 1 1 3 1 4 1 1 3 4 2 1 1 3 3 3 2 2 1 4 3 2 1 1 1 
1.328418e+03 
2.719174e+01 
1 1 4 2 3 3 4 2 1 1 3 1 4 1 1 3 4 2 1 1 3 3 3 2 2 4 4 3 2 1 1 1 
9.038001e+02 
2.680661e+01 
1 1 4 2 3 3 4 2 4 1 3 1 4 1 1 3 4 2 1 1 3 3 3 2 2 1 4 3 2 1 1 1 
1.328418e+03 
2.719174e+01 
1 1 4 2 3 3 4 2 4 1 3 1 4 1 1 3 4 2 1 1 3 3 3 2 2 4 4 3 2 1 1 1 
1.201836e+03 
2.709161e+01 
1 1 4 2 3 3 4 2 4 1 3 1 4 1 1 3 4 2 1 1 3 3 2 2 2 4 4 3 2 1 1 1 
7.109709e+02 
2.656663e+01 
0 1 4 2 3 3 4 2 4 1 3 1 4 1 1 3 4 2 1 1 3 3 3 2 2 4 4 3 2 1 1 1 
1.201836e+03 
2.709161e+01 
1 1 4 2 3 3 4 2 4 1 3 1 4 1 1 3 4 2 1 1 3 3 3 2 2 4 4 3 2 1 1 1 
1.201836e+03 
2.709161e+01 
1 1 4 2 3 3 4 2 4 1 3 1 4 3 1 3 4 2 1 1 3 3 3 2 2 4 1 3 2 1 1 1 
1.043024e+03 
2.694988e+01 
1 1 4 2 3 3 4 2 4 1 3 1 4 3 1 3 4 2 1 1 3 3 3 2 2 4 1 3 1 1 1 1 
1.043024e+03 
2.694988e+01 
1 1 4 2 3 3 4 2 4 1 3 1 4 3 1 3 4 2 1 1 3 3 3 2 2 4 1 3 2 1 1 1 
1.043024e+03 
2.694988e+01 
1 1 4 2 3 3 4 2 4 1 3 1 4 3 1 3 4 2 1 1 3 3 3 2 2 4 1 3 2 1 1 1 
1.345923e+03 
2.720484e+01 
1 1 4 2 3 3 0 2 1 1 3 1 4 1 1 3 4 2 1 1 3 3 3 2 2 4 4 3 2 1 1 1 
7.723266e+02 
2.664941e+01 
1 1 4 2 3 3 0 2 1 1 3 1 4 1 1 3 4 2 1 1 3 3 3 2 2 4 4 3 2 1 1 1 
7.035746e+02 
2.655617e+01 
1 1 4 2 3 3 4 2 4 1 3 1 4 1 1 3 4 2 1 1 3 3 3 2 2 4 4 3 2 1 1 1 
1.182717e+03 
2.707557e+01 
1 1 4 2 3 3 4 2 4 1 3 1 4 1 1 3 4 2 1 1 3 3 3 2 2 4 4 3 2 1 1 1 
1.328418e+03 
2.719174e+01 
1 1 4 2 3 3 4 2 4 1 3 1 4 1 1 3 4 2 1 1 3 3 3 2 2 4 4 3 2 1 1 1 
1.328418e+03 
2.719174e+01 
1 1 4 2 3 3 4 2 4 1 3 1 4 1 1 3 4 2 1 1 3 3 3 2 2 4 4 3 2 1 1 1 
1.328418e+03 
2.719174e+01 
1 1 4 2 3 3 4 2 4 1 3 1 4 1 1 3 4 2 1 1 3 3 3 2 2 4 4 3 2 1 1 1 
1.328418e+03 
2.719174e+01 
1 1 4 2 3 3 4 2 4 1 3 1 4 1 1 3 4 2 1 1 3 3 3 2 2 4 4 3 2 1 1 1 
1.328418e+03 
2.719174e+01 
1 1 4 2 3 3 4 2 4 1 3 1 4 1 1 3 4 2 1 1 3 3 3 2 2 4 4 3 2 1 1 1 
1.328418e+03 
2.719174e+01 
1 1 4 2 3 3 4 2 4 1 3 1 4 1 1 3 4 2 1 1 3 3 3 2 2 4 4 3 2 1 1 1 
1.328418e+03 
2.719174e+01 
1 1 4 2 3 3 4 2 4 1 3 1 4 1 1 3 4 2 1 1 3 3 3 2 2 4 4 3 2 1 1 1 
1.328418e+03 
2.719174e+01 
1 1 4 2 3 3 4 2 4 1 3 1 4 1 1 3 4 2 1 1 3 3 3 2 2 4 4 3 2 1 1 1 
1.328418e+03 
2.719174e+01 
1 1 4 2 3 3 4 2 4 1 3 1 4 1 1 3 4 2 1 1 3 3 3 2 2 4 4 3 2 1 1 1 
9.530813e+02 
2.685970e+01 
1 1 4 2 3 3 4 2 4 1 3 1 4 1 1 3 4 2 1 1 3 3 3 2 2 4 4 3 2 1 1 1 
9.530813e+02 
2.685970e+01 
1 1 4 2 3 3 4 2 4 1 3 1 4 1 1 3 4 2 1 1 0 3 3 2 2 4 4 3 2 1 1 1 
7.818511e+02 
2.666166e+01 
1 1 4 2 3 3 4 2 4 1 3 1 4 1 1 3 4 2 1 1 0 3 3 2 2 4 4 3 2 1 1 1 
9.489336e+02 
2.685534e+01 
1 1 4 2 3 3 4 2 4 1 3 1 4 1 1 3 4 2 1 1 0 3 3 2 2 4 4 3 2 1 1 1 
8.046424e+02 
2.669040e+01 
1 1 4 0 3 3 4 2 3 1 3 1 4 1 1 3 4 2 1 1 0 3 3 2 2 4 4 3 2 1 1 1 
8.046424e+02 
2.669040e+01 
3 1 4 1 0 3 4 2 4 1 3 1 4 1 1 3 4 2 1 3 3 3 3 2 2 4 4 3 2 1 1 1 
8.046424e+02 
2.669040e+01 
3 1 4 1 0 3 4 2 4 1 3 1 4 1 1 3 4 2 1 3 3 3 3 2 2 4 4 3 2 1 1 1 
1.182717e+03 
2.707557e+01 
3 1 4 1 0 3 4 2 4 1 3 1 4 1 1 3 4 2 1 3 3 3 3 2 2 4 4 3 2 1 1 1 
1.182717e+03 
2.707557e+01 
3 1 4 1 3 3 4 2 4 1 3 1 4 1 1 3 4 2 1 3 3 3 3 2 2 4 4 3 2 1 1 1 
8.705624e+02 
2.676914e+01 
3 1 4 1 3 3 4 2 4 1 3 1 4 1 1 3 4 2 1 3 3 3 3 2 2 4 4 3 2 1 1 1 
7.899343e+02 
2.667195e+01 
3 1 4 1 3 3 4 2 4 1 3 1 4 1 1 3 4 2 1 3 3 2 3 2 2 4 4 3 2 1 1 1 
1.182717e+03 
2.707557e+01 
3 1 4 1 3 3 4 2 4 1 3 1 4 1 1 3 4 2 1 3 3 3 3 2 2 4 4 3 2 1 1 1 
8.469907e+02 
2.674169e+01 
1 1 4 2 3 3 4 2 4 1 3 1 4 1 1 3 4 2 1 2 3 3 3 2 2 4 4 3 2 0 1 1 
1.328418e+03 
2.719174e+01 
1 1 4 2 3 3 4 2 4 1 4 2 4 1 1 3 4 2 1 4 4 3 3 2 2 4 4 3 2 1 1 1 
7.715238e+02 
2.664837e+01 
1 1 4 2 3 3 4 2 4 1 3 1 4 1 1 3 4 2 1 3 3 3 3 2 2 4 4 3 2 1 1 1 
1.222680e+03 
2.710880e+01 
1 1 4 2 3 3 4 2 4 1 3 1 4 1 1 3 4 2 1 4 3 3 3 2 2 4 4 3 2 1 1 1 
8.192822e+02 
2.670843e+01 
1 1 4 2 3 3 4 2 4 1 3 1 4 1 1 3 4 2 1 4 3 3 3 2 2 4 4 3 2 1 1 1 
8.881635e+02 
2.678916e+01 
1 1 4 2 3 3 4 2 4 1 3 1 4 1 1 3 4 2 1 4 2 3 1 2 2 4 4 3 2 1 1 1 
4.984702e+02 
2.621154e+01 
1 1 4 2 3 3 4 2 4 1 3 1 4 1 1 3 4 2 1 4 2 3 1 2 2 4 4 3 2 1 1 1 
8.192822e+02 
2.670843e+01 
1 1 4 2 3 3 4 2 4 1 3 1 4 1 1 3 4 2 1 4 2 3 1 2 2 4 4 3 2 1 1 1 
1.207966e+03 
2.709669e+01 
1 1 4 2 3 3 4 2 4 1 3 1 4 1 1 3 4 2 1 4 2 3 3 2 2 4 4 3 2 1 1 1 
1.328418e+03 
2.719174e+01 
1 1 4 2 3 3 4 2 4 1 3 1 4 1 1 3 4 2 1 4 2 3 3 2 2 4 4 3 2 1 1 1 
1.207966e+03 
2.709669e+01 
1 1 4 2 3 3 4 2 4 1 3 1 4 1 1 3 4 2 1 4 2 3 3 2 2 4 4 3 2 1 1 1 
1.207966e+03 
2.709669e+01 
1 1 4 2 3 3 4 2 4 1 3 1 4 1 1 3 4 2 1 4 2 3 3 2 2 4 4 3 2 1 1 1 
1.288620e+03 
2.716133e+01 
1 1 4 2 3 3 4 2 4 1 3 1 4 1 1 3 4 2 1 4 2 3 3 2 2 4 4 3 2 1 1 1 
1.288620e+03 
2.716133e+01 
1 1 4 2 3 3 4 2 4 1 3 1 4 3 1 3 4 2 1 4 3 3 3 2 2 4 4 3 2 1 1 1 
1.288620e+03 
2.716133e+01 
1 1 4 2 3 3 4 2 4 1 3 1 4 3 1 3 4 2 1 4 3 3 3 2 1 4 4 3 2 1 1 1 
1.288620e+03 
2.716133e+01 
1 1 4 2 3 3 4 2 4 1 3 1 4 3 1 3 4 2 1 4 3 3 3 2 2 4 4 3 2 1 1 1 
8.804887e+02 
2.678048e+01 
1 1 4 2 3 3 4 2 4 1 3 1 4 3 1 3 4 2 1 4 3 3 3 2 2 4 4 3 2 1 1 1 
1.185711e+03 
2.707810e+01 
1 1 4 1 3 3 4 2 4 1 3 1 4 1 1 3 4 2 1 4 3 3 3 2 2 4 4 3 2 1 1 1 
9.518554e+02 
2.685841e+01 
1 1 4 2 3 3 4 2 4 1 3 1 4 3 1 3 4 2 1 4 3 3 3 2 2 4 4 3 2 1 1 1 
1.185711e+03 
2.707810e+01 
1 1 4 1 3 3 4 2 4 1 3 1 4 1 1 3 4 2 1 4 3 3 3 2 2 4 4 3 2 1 1 1 
1.328418e+03 
2.719174e+01 
1 1 4 1 3 3 4 2 4 1 3 1 4 1 1 3 4 2 1 4 3 3 3 2 2 4 4 3 2 1 1 1 
9.167002e+02 
2.682078e+01 
1 1 4 1 3 3 4 2 4 1 3 1 4 1 1 3 4 2 1 4 3 3 3 2 2 4 4 3 2 1 0 2 
1.328418e+03 
2.719174e+01 
1 1 4 1 3 3 4 2 4 1 3 1 4 1 1 3 4 2 1 4 3 3 3 2 2 4 4 3 2 1 0 1 
1.328418e+03 
2.719174e+01 
1 1 4 1 3 3 4 2 4 1 3 1 4 1 1 3 4 2 1 4 3 3 3 2 2 4 4 3 2 1 1 1 
6.354429e+02 
2.645432e+01 
1 1 4 1 3 3 4 2 4 1 3 1 4 1 0 3 4 2 1 4 3 3 3 2 2 4 4 3 2 1 1 1 
6.354429e+02 
2.645432e+01 
1 1 4 1 3 3 4 2 4 1 3 1 4 1 1 3 4 2 1 4 2 3 3 2 2 4 4 3 2 1 1 1 
5.154297e+02 
2.624500e+01 
1 1 4 1 3 3 4 2 4 1 3 1 4 1 1 3 4 2 1 4 2 3 3 2 2 4 4 3 2 1 1 1 
6.651855e+02 
2.650007e+01 
1 1 4 1 3 3 4 2 4 1 3 1 4 1 1 3 4 2 1 4 2 3 3 2 2 4 4 3 2 1 4 1 
1.328418e+03 
2.719174e+01 
1 1 4 1 3 3 4 2 4 1 3 1 4 1 1 3 4 2 1 4 3 3 3 2 2 4 4 3 2 1 1 1 
1.328418e+03 
2.719174e+01 
1 1 4 1 3 3 4 2 4 1 3 1 4 1 1 3 4 2 1 4 3 3 3 2 2 4 4 3 2 1 1 1 
1.003359e+03 
2.691111e+01 
1 1 4 1 3 3 4 2 4 1 3 1 4 1 1 3 4 2 1 4 3 3 3 2 2 4 4 3 2 1 1 1 
9.316325e+02 
2.683694e+01 
1 1 3 1 3 3 4 2 4 1 3 1 4 1 1 3 4 2 1 4 3 3 3 2 2 4 4 3 2 1 1 1 
1.328418e+03 
2.719174e+01 
1 1 3 1 3 3 4 2 4 1 3 1 4 1 1 3 4 2 1 4 3 3 3 2 2 4 4 3 2 1 1 1 
1.328418e+03 
2.719174e+01 
1 1 4 1 3 3 4 2 4 1 3 1 4 1 1 3 4 2 1 4 3 3 3 2 2 4 4 3 2 1 1 1 
1.288620e+03 
2.716133e+01 
1 1 4 1 3 0 4 2 4 1 3 1 4 1 1 3 4 2 1 4 3 3 3 2 2 4 4 3 2 1 1 1 
2.945874e+02 
2.568558e+01 
1 1 4 1 3 3 4 2 4 1 3 1 4 1 1 3 4 2 1 4 3 3 3 2 2 4 4 3 2 1 1 1 
6.764565e+02 
2.651687e+01 
1 1 4 1 3 3 4 2 4 1 3 1 4 1 1 3 4 2 1 4 3 3 3 2 2 4 4 3 2 1 2 1 
1.328418e+03 
2.719174e+01 
1 1 4 1 3 3 4 2 4 1 3 1 4 1 1 3 4 2 1 4 3 3 3 2 2 4 4 3 2 1 1 1 
1.328418e+03 
2.719174e+01 
1 1 4 1 3 3 4 2 4 1 3 1 4 1 1 3 4 2 1 4 3 3 3 2 2 3 4 3 2 1 1 1 
7.042445e+02 
2.655713e+01 
1 1 4 1 3 3 4 2 4 1 3 1 4 1 1 3 4 2 1 4 3 3 3 2 2 4 4 3 2 2 1 1 
1.328418e+03 
2.719174e+01 
1 1 4 1 3 3 4 2 4 1 3 1 4 1 1 3 4 2 1 4 3 3 3 2 2 4 4 3 2 1 1 1 
1.328418e+03 
2.719174e+01 
1 1 4 1 3 3 4 2 4 1 3 1 4 1 1 3 4 2 1 4 3 3 3 2 2 4 4 3 2 1 1 1 
1.328418e+03 
2.719174e+01 
1 1 4 1 3 3 4 2 4 1 3 1 4 1 1 3 4 2 1 4 3 3 3 2 2 4 4 3 2 1 1 1 
1.328418e+03 
2.719174e+01 
1 1 4 1 3 3 4 2 4 1 3 1 4 1 1 3 4 2 1 4 3 3 3 2 2 4 4 3 2 1 1 1 
1.328418e+03 
2.719174e+01 
1 1 4 1 3 3 4 2 4 1 3 1 4 1 1 3 4 2 1 4 3 3 3 2 2 4 4 3 2 1 1 1 
1.328418e+03 
2.719174e+01 
1 1 4 1 3 3 4 2 4 1 3 1 4 1 1 3 4 2 1 4 3 3 3 2 2 4 4 3 2 1 1 1 
1.328418e+03 
2.719174e+01 
1 1 4 1 3 3 4 2 4 1 3 1 4 1 1 3 4 2 1 4 3 3 3 2 2 4 4 3 2 1 1 1 
1.328418e+03 
2.719174e+01 
