1 1 4 3 3 3 4 2 4 1 3 1 4 1 1 2 4 2 4 4 2 3 3 2 2 4 3 3 2 1 1 1 
1.232447e+03 
2.711676e+01 
1 1 4 3 3 3 4 2 4 1 3 1 4 1 1 2 0 2 4 4 2 3 3 2 2 4 3 3 2 1 1 1 
1.108784e+03 
2.701102e+01 
1 1 4 3 3 3 4 2 4 1 3 1 4 1 1 2 0 2 4 4 2 3 3 2 2 4 3 3 2 1 1 1 
1.006529e+03 
2.691426e+01 
1 1 4 3 3 3 4 2 4 1 3 1 4 1 1 2 0 2 4 4 2 3 3 2 2 4 3 3 2 1 1 1 
1.006529e+03 
2.691426e+01 
1 1 4 3 3 3 4 2 4 1 3 1 4 1 1 1 4 2 4 4 2 3 3 2 2 1 3 3 2 1 1 1 
1.169597e+03 
2.706441e+01 
1 1 4 3 3 3 4 2 4 1 3 1 4 1 1 1 4 2 4 4 2 3 3 2 2 4 3 3 2 1 1 1 
1.332762e+03 
2.719501e+01 
1 1 4 3 3 3 4 2 4 1 3 1 4 1 1 3 4 2 4 2 2 3 3 2 2 4 3 3 2 1 1 1 
1.332762e+03 
2.719501e+01 
1 1 4 3 3 3 4 2 4 1 3 1 4 1 1 1 4 2 4 4 2 3 3 2 2 4 3 3 2 1 1 1 
1.332762e+03 
2.719501e+01 
1 1 4 3 3 3 4 2 4 1 3 1 4 1 1 3 4 2 4 2 2 3 3 2 2 4 3 3 2 1 1 1 
1.174674e+03 
2.706875e+01 
1 1 4 3 3 3 4 2 4 1 3 1 4 1 1 3 4 2 4 2 2 3 3 2 2 4 3 3 2 1 1 1 
6.048289e+02 
2.640495e+01 
1 2 4 3 3 3 4 2 4 1 3 1 4 1 1 3 4 2 4 4 2 3 3 2 2 4 3 3 2 1 1 1 
6.047364e+02 
2.640479e+01 
1 2 4 3 3 3 4 2 4 1 3 1 4 1 1 3 4 2 4 4 2 3 3 2 2 4 3 3 2 1 1 1 
7.529722e+02 
2.662403e+01 
1 2 4 3 3 3 0 2 4 1 3 1 4 1 1 3 4 2 4 4 2 3 3 2 2 4 3 3 2 4 1 1 
7.529722e+02 
2.662403e+01 
1 1 4 3 3 3 4 2 4 1 3 1 4 1 1 3 4 2 4 4 2 3 3 2 2 4 3 3 2 1 1 1 
1.090815e+03 
2.699468e+01 
1 1 4 3 3 3 4 2 4 1 3 1 4 1 1 3 4 2 4 3 2 3 3 2 2 4 3 3 2 1 1 1 
1.005311e+03 
2.691305e+01 
1 1 4 2 3 3 4 1 4 1 3 1 4 1 1 3 4 2 4 4 2 3 3 2 2 4 3 3 2 4 1 1 
1.332762e+03 
2.719501e+01 
1 1 4 2 3 3 4 2 4 1 3 1 4 1 1 3 4 2 4 4 2 3 3 2 2 4 3 3 0 1 1 1 
1.332762e+03 
2.719501e+01 
1 1 4 3 3 3 4 2 4 1 3 1 4 1 1 3 4 2 4 4 0 3 3 2 2 4 3 3 2 1 1 1 
1.035627e+03 
2.694276e+01 
1 1 4 3 3 3 4 2 4 1 3 1 4 1 1 3 4 2 4 4 2 3 3 2 2 4 3 3 2 1 1 1 
1.332762e+03 
2.719501e+01 
1 1 4 3 3 3 4 2 4 1 3 1 4 1 1 3 4 2 4 4 2 3 3 2 2 4 3 3 2 1 1 1 
1.332762e+03 
2.719501e+01 
1 1 4 3 3 3 4 2 4 1 3 1 0 1 1 3 4 2 4 4 2 3 3 2 2 4 3 3 2 1 1 1 
1.332762e+03 
2.719501e+01 
1 1 4 4 3 2 4 2 4 1 3 1 4 1 1 3 4 2 4 4 2 3 3 2 2 4 3 3 2 1 1 1 
9.210813e+02 
2.682555e+01 
1 1 4 4 3 2 4 2 4 1 3 1 4 1 1 3 4 2 4 3 2 3 3 2 2 4 3 3 2 1 1 1 
9.458773e+02 
2.685211e+01 
1 1 4 4 3 2 4 2 4 1 3 1 4 1 1 3 4 2 4 3 2 3 3 3 2 4 3 3 2 1 1 1 
1.332762e+03 
2.719501e+01 
1 1 4 4 3 2 4 2 4 1 3 1 4 1 1 3 4 2 4 3 2 3 3 2 2 4 3 3 2 1 1 1 
9.242244e+02 
2.682895e+01 
1 1 4 4 3 2 4 2 4 1 3 1 4 1 1 3 4 2 4 3 2 3 3 2 2 4 3 3 2 1 1 1 
9.242244e+02 
2.682895e+01 
1 1 4 4 3 2 4 2 4 1 3 1 4 1 1 3 4 2 4 3 2 3 3 2 2 4 3 3 2 1 1 1 
1.363078e+03 
2.721750e+01 
1 1 4 4 3 2 4 2 4 1 3 1 4 1 1 3 4 2 4 3 2 3 3 2 2 4 3 3 2 1 1 1 
1.363078e+03 
2.721750e+01 
1 1 4 4 3 2 4 2 4 1 3 1 4 1 1 3 4 2 4 3 2 3 3 2 2 4 3 3 2 1 1 1 
1.363078e+03 
2.721750e+01 
1 1 4 4 3 2 4 2 4 1 3 1 4 1 1 3 4 2 4 3 2 3 3 2 2 4 3 3 2 1 1 1 
1.363078e+03 
2.721750e+01 
1 1 4 4 3 2 4 2 4 1 3 1 4 1 1 3 4 2 4 3 2 3 3 2 3 4 3 3 2 1 1 1 
1.275944e+03 
2.715144e+01 
1 1 4 4 3 2 4 2 4 1 3 1 4 1 1 3 4 2 4 3 2 3 3 2 3 4 3 3 2 1 1 1 
7.421056e+02 
2.660949e+01 
1 1 4 4 3 2 4 2 4 1 3 1 4 1 1 3 4 2 4 3 2 3 3 2 3 4 3 3 2 3 1 1 
3.265809e+02 
2.578868e+01 
0 1 4 1 3 2 4 2 4 1 3 1 4 1 1 3 4 2 4 3 2 3 3 2 3 4 3 3 2 1 1 1 
7.421056e+02 
2.660949e+01 
0 1 4 1 3 2 4 2 4 1 3 1 4 1 1 3 4 2 4 4 2 3 3 2 2 4 3 3 2 1 1 1 
9.256149e+02 
2.683046e+01 
1 1 4 1 3 2 4 2 2 1 3 1 4 1 1 3 4 2 4 3 2 3 3 2 3 4 3 3 2 1 1 1 
5.811416e+02 
2.636499e+01 
1 1 4 1 3 2 4 2 4 1 3 1 4 1 1 3 4 2 4 4 2 3 3 2 2 4 3 3 2 1 1 1 
1.363078e+03 
2.721750e+01 
1 1 4 1 4 2 4 2 4 1 3 1 4 1 1 3 4 2 4 4 2 3 3 2 2 4 3 3 2 1 1 1 
1.363078e+03 
2.721750e+01 
1 1 4 1 3 2 4 2 4 1 3 1 4 1 1 3 4 2 4 4 2 3 3 2 2 4 3 3 2 1 1 1 
1.363078e+03 
2.721750e+01 
1 1 4 1 3 2 4 2 4 1 3 1 4 1 1 3 4 2 4 4 1 3 3 2 2 4 3 3 2 1 1 1 
1.363078e+03 
2.721750e+01 
1 1 4 1 3 2 4 2 4 1 3 1 4 1 1 3 4 2 4 4 2 3 3 2 2 4 3 3 2 1 1 1 
1.363078e+03 
2.721750e+01 
1 1 4 1 3 2 4 2 4 1 3 1 4 1 1 3 4 2 4 4 2 3 3 2 2 4 3 3 2 1 1 1 
1.363078e+03 
2.721750e+01 
1 1 4 1 3 2 4 2 4 1 3 1 4 1 1 3 4 2 4 4 0 3 3 2 2 4 3 3 2 1 1 1 
8.271808e+02 
2.671802e+01 
1 1 4 1 3 2 4 2 4 1 3 1 4 1 1 3 4 2 4 4 2 3 3 2 2 4 3 3 2 1 1 1 
1.363078e+03 
2.721750e+01 
1 1 4 1 3 2 4 2 4 1 3 1 4 1 1 3 4 2 4 4 0 3 3 2 2 4 3 3 2 1 1 1 
1.363078e+03 
2.721750e+01 
1 1 4 1 3 2 4 2 4 1 3 1 4 1 1 3 4 2 0 4 2 3 3 2 2 4 3 3 2 1 1 1 
1.363078e+03 
2.721750e+01 
1 1 4 1 3 2 4 2 4 1 3 1 4 1 1 3 4 2 4 4 2 3 3 2 2 4 3 3 2 1 1 1 
1.363078e+03 
2.721750e+01 
1 1 4 1 3 2 4 2 4 1 3 1 4 1 1 3 4 2 4 4 2 3 3 2 2 4 3 3 2 1 1 1 
1.223774e+03 
2.710969e+01 
1 1 4 1 3 2 4 2 4 1 3 1 4 1 1 3 4 2 4 4 2 3 3 2 2 4 3 3 2 1 1 1 
1.223774e+03 
2.710969e+01 
1 1 4 1 3 2 4 2 4 1 3 1 4 1 1 3 4 2 4 4 2 3 3 2 2 4 3 3 2 1 1 1 
1.223774e+03 
2.710969e+01 
1 1 4 1 3 2 4 2 4 1 3 1 4 1 1 3 4 2 4 4 2 3 3 2 2 4 3 3 2 1 1 1 
1.111813e+03 
2.701375e+01 
1 2 4 1 3 2 4 2 4 1 3 1 4 1 1 3 4 2 4 4 2 3 3 2 2 4 3 3 2 1 1 1 
1.111813e+03 
2.701375e+01 
1 2 4 1 3 2 4 2 4 1 3 1 4 1 1 3 4 3 4 4 2 3 3 2 2 4 3 3 2 1 1 1 
1.363078e+03 
2.721750e+01 
1 2 4 1 3 2 4 2 4 1 3 1 4 1 1 3 4 2 4 4 2 3 3 2 2 4 3 3 2 1 1 1 
1.363078e+03 
2.721750e+01 
1 1 4 1 3 2 4 2 4 1 3 0 4 1 1 3 4 2 4 4 2 3 3 2 2 4 3 3 2 1 1 1 
1.081958e+03 
2.698653e+01 
1 1 4 1 3 2 4 2 4 1 3 0 4 1 1 3 4 2 4 4 2 3 3 2 2 4 3 3 2 1 1 1 
1.363078e+03 
2.721750e+01 
1 1 4 1 3 2 4 2 4 1 3 1 4 1 1 3 4 2 4 3 2 3 3 2 2 4 3 3 2 1 1 1 
1.363078e+03 
2.721750e+01 
1 1 4 1 3 2 4 2 4 1 3 1 4 1 1 3 4 2 4 3 2 3 3 2 2 4 3 3 2 1 1 1 
1.363078e+03 
2.721750e+01 
1 1 4 3 3 2 4 2 4 1 3 1 4 1 1 3 4 2 4 4 2 3 3 2 2 4 3 3 2 1 1 1 
1.290609e+03 
2.716287e+01 
1 1 4 1 3 2 4 2 4 1 3 1 4 1 1 3 4 2 4 4 2 3 3 2 2 4 3 3 2 1 1 1 
1.290609e+03 
2.716287e+01 
1 0 4 1 3 2 4 2 4 1 3 1 4 1 1 3 4 2 4 4 2 3 3 2 2 4 3 3 2 1 1 1 
1.290609e+03 
2.716287e+01 
1 0 4 1 3 2 4 2 4 1 3 1 4 1 1 3 4 2 4 4 2 3 3 2 2 4 3 3 2 1 1 1 
1.363078e+03 
2.721750e+01 
1 1 4 1 3 2 4 2 4 1 3 1 4 1 1 3 4 2 4 4 2 3 3 2 2 4 3 3 2 1 1 1 
1.363078e+03 
2.721750e+01 
1 1 4 1 3 2 4 2 4 1 3 1 4 1 1 3 4 2 4 4 2 3 3 2 2 4 3 3 2 1 2 1 
1.363078e+03 
2.721750e+01 
1 1 4 1 3 2 4 2 4 1 3 1 4 1 1 3 4 2 4 4 2 3 3 2 2 4 3 3 2 1 1 1 
1.363078e+03 
2.721750e+01 
1 1 4 1 3 2 4 2 4 1 3 1 4 1 1 3 4 2 4 4 2 3 3 2 2 4 3 3 2 1 1 1 
9.201641e+02 
2.682455e+01 
1 1 4 1 3 2 4 2 4 1 3 1 4 1 1 3 4 2 4 4 2 3 3 2 2 4 3 3 2 1 1 1 
1.363078e+03 
2.721750e+01 
1 1 4 1 3 2 4 2 4 1 3 1 4 1 1 3 4 2 4 4 2 3 3 2 2 4 3 3 2 1 1 1 
1.363078e+03 
2.721750e+01 
1 1 4 1 3 2 4 2 4 1 3 1 2 1 1 3 4 2 4 4 2 3 3 2 2 4 3 3 2 1 1 1 
1.363078e+03 
2.721750e+01 
1 1 0 2 3 2 4 2 4 1 3 1 4 1 1 3 4 2 4 4 2 3 3 2 2 4 3 3 2 1 1 1 
7.719127e+02 
2.664887e+01 
1 1 4 3 3 2 4 2 4 1 3 1 4 1 1 3 4 2 4 4 2 3 3 2 2 1 3 3 2 1 1 1 
1.363078e+03 
2.721750e+01 
1 1 4 2 3 3 4 2 4 4 3 1 4 1 1 3 4 2 4 4 2 3 3 2 2 4 3 3 2 1 1 1 
1.363078e+03 
2.721750e+01 
1 1 4 2 3 3 4 2 4 1 3 1 4 1 1 3 4 2 4 4 2 3 3 2 2 1 3 3 2 1 1 1 
1.159672e+03 
2.705589e+01 
1 1 4 2 3 3 4 2 4 1 3 1 4 1 1 3 4 2 4 4 2 3 3 2 1 1 3 3 2 1 1 1 
1.363078e+03 
2.721750e+01 
1 1 4 2 3 3 4 2 4 1 3 1 4 1 1 3 4 2 4 4 2 3 3 2 2 1 3 3 2 1 1 1 
1.192044e+03 
2.708342e+01 
1 1 4 2 3 3 4 2 4 1 3 1 4 1 1 3 4 2 4 4 2 3 3 2 2 1 3 3 2 1 1 1 
1.140242e+03 
2.703900e+01 
1 1 4 2 3 3 4 2 4 1 3 1 4 1 1 3 4 2 4 4 2 3 3 2 2 4 3 3 2 1 1 1 
1.192044e+03 
2.708342e+01 
1 1 4 2 3 3 4 2 4 1 3 1 4 1 1 3 4 2 4 4 2 3 3 2 2 4 3 3 2 1 1 1 
1.192044e+03 
2.708342e+01 
1 1 4 2 3 3 4 2 4 1 3 1 4 1 1 3 4 2 4 4 2 3 3 2 2 4 3 3 2 1 1 1 
1.332762e+03 
2.719501e+01 
1 1 4 2 3 3 4 2 4 1 3 1 4 1 1 3 4 2 4 4 2 3 3 2 2 4 3 3 2 1 1 1 
1.332762e+03 
2.719501e+01 
1 1 4 2 3 3 4 2 4 1 3 1 4 1 1 0 4 2 4 4 2 3 3 2 2 4 3 3 2 1 1 1 
1.332762e+03 
2.719501e+01 
1 1 4 2 3 3 4 2 4 1 3 1 4 1 1 3 4 2 4 4 2 3 3 2 2 4 3 3 2 1 1 1 
8.243443e+02 
2.671459e+01 
1 1 4 2 3 3 4 2 4 2 3 1 4 1 1 3 4 2 4 4 2 3 3 2 2 4 3 3 2 1 1 1 
9.823400e+02 
2.688994e+01 
1 1 4 2 3 3 4 2 4 2 3 1 4 1 1 3 4 2 4 4 2 3 3 2 2 4 3 3 2 1 1 1 
1.332762e+03 
2.719501e+01 
1 1 4 2 3 3 4 2 4 1 3 1 4 1 1 3 4 2 4 4 2 3 3 2 2 4 3 3 2 1 1 1 
1.332762e+03 
2.719501e+01 
1 1 4 2 3 3 4 2 4 1 3 1 4 1 1 3 4 2 4 4 2 3 3 2 2 4 3 3 2 1 1 1 
1.332762e+03 
2.719501e+01 
1 1 4 2 3 3 4 2 4 1 3 1 4 1 1 3 4 3 4 4 2 3 3 2 2 4 3 3 2 1 1 1 
1.133397e+03 
2.703297e+01 
1 1 4 2 3 3 4 2 4 1 3 1 1 1 1 3 4 2 4 4 2 3 3 2 2 4 3 3 2 1 1 1 
9.859161e+02 
2.689357e+01 
1 1 4 2 3 3 4 2 4 1 3 1 4 1 1 3 4 2 4 4 2 3 3 2 2 4 3 3 2 1 1 1 
1.332762e+03 
2.719501e+01 
1 1 4 2 3 3 4 2 4 1 3 1 4 1 1 3 4 2 4 4 2 3 3 2 2 4 3 3 2 1 1 1 
8.329070e+02 
2.672492e+01 
1 1 4 2 3 3 4 2 4 1 3 1 4 1 1 3 4 2 4 4 2 3 3 2 2 4 3 3 2 1 1 1 
1.332762e+03 
2.719501e+01 
1 1 4 2 3 3 4 2 4 1 3 1 4 1 1 3 4 2 4 4 2 3 3 2 2 4 3 3 2 1 1 1 
1.332762e+03 
2.719501e+01 
1 1 4 2 3 3 4 2 4 1 3 1 4 1 1 3 4 2 4 4 2 3 3 2 2 4 3 3 2 1 1 1 
8.731770e+02 
2.677214e+01 
1 1 4 2 3 3 4 2 4 1 3 1 4 1 1 3 4 2 4 4 2 3 3 2 2 4 3 3 2 1 1 1 
1.332762e+03 
2.719501e+01 
1 1 4 2 3 2 4 2 4 1 3 1 4 1 1 3 4 2 4 4 2 3 3 2 2 4 1 3 2 1 1 1 
1.143700e+03 
2.704202e+01 
1 1 4 2 3 2 4 2 1 1 3 1 4 1 1 3 4 2 4 4 2 3 3 2 2 4 1 3 2 1 1 1 
1.143700e+03 
2.704202e+01 
1 1 4 4 3 2 4 2 4 1 3 1 4 1 1 3 4 2 4 4 2 3 3 2 2 4 1 3 2 1 1 1 
1.143700e+03 
2.704202e+01 
1 1 4 2 3 2 4 2 4 1 3 1 4 1 1 3 4 2 4 4 1 3 3 2 2 4 1 3 2 1 1 1 
1.080877e+03 
2.698553e+01 
0 1 4 2 3 2 4 2 4 1 3 1 4 1 1 3 4 3 4 4 2 3 3 2 2 4 1 3 2 1 1 1 
1.080877e+03 
2.698553e+01 
1 1 4 2 3 2 4 2 4 1 3 1 4 1 1 3 4 3 4 4 2 3 3 2 2 4 1 3 2 1 1 1 
1.080877e+03 
2.698553e+01 
