1 1 4 0 3 2 4 2 4 1 3 1 4 1 1 3 4 2 4 1 2 3 3 2 2 4 3 3 2 1 1 1 
1.102314e+03 
2.700517e+01 
1 1 4 0 3 2 4 2 4 1 3 1 4 1 1 3 0 2 4 1 2 3 3 2 2 4 3 3 2 1 1 1 
1.345945e+03 
2.720485e+01 
1 1 4 0 3 2 4 2 4 1 3 1 4 1 1 3 4 2 4 1 2 3 3 2 2 4 3 3 2 1 1 1 
1.345945e+03 
2.720485e+01 
1 1 4 0 3 2 4 2 4 1 3 1 4 1 1 3 4 2 4 1 2 3 3 2 2 4 3 3 2 1 1 1 
1.102314e+03 
2.700517e+01 
1 1 4 0 3 2 4 2 4 1 3 1 4 1 1 3 4 2 4 1 2 3 3 2 2 4 3 3 2 1 1 1 
1.345945e+03 
2.720485e+01 
1 1 4 0 3 2 4 2 4 1 3 1 4 1 1 3 4 2 4 1 2 3 3 2 2 4 3 3 2 1 1 1 
1.345945e+03 
2.720485e+01 
1 1 4 0 3 3 4 2 4 1 3 1 4 1 1 3 0 2 4 1 2 3 3 2 2 4 3 3 2 1 1 1 
1.345945e+03 
2.720485e+01 
1 1 4 0 3 2 4 2 4 1 3 1 4 1 1 3 4 2 4 1 2 3 3 2 2 4 3 3 2 1 1 1 
1.345945e+03 
2.720485e+01 
1 1 4 0 3 2 4 2 4 1 3 1 4 1 1 3 0 2 4 1 2 3 3 2 2 4 3 3 2 1 1 1 
6.069908e+02 
2.640851e+01 
1 1 4 0 3 2 4 2 4 1 3 1 4 0 1 3 4 2 4 1 2 3 3 2 2 4 3 3 2 1 1 1 
1.345945e+03 
2.720485e+01 
1 1 4 0 3 2 4 2 4 1 3 1 4 1 1 3 4 2 4 1 2 3 3 2 2 4 3 3 2 1 1 1 
1.345945e+03 
2.720485e+01 
1 1 4 0 3 2 4 2 4 1 3 1 4 1 1 3 4 2 4 1 2 3 3 2 2 4 3 3 2 1 1 1 
5.429524e+02 
2.629702e+01 
1 1 4 0 3 2 4 2 4 1 3 1 4 1 1 3 4 2 4 1 2 3 3 2 2 4 3 4 2 1 1 1 
1.345945e+03 
2.720485e+01 
1 1 4 0 3 2 4 2 4 1 3 1 4 1 1 3 4 2 4 1 2 3 3 2 2 4 3 3 2 1 1 1 
1.345945e+03 
2.720485e+01 
1 1 4 0 3 2 4 2 4 1 3 1 4 1 1 3 4 2 4 1 2 3 3 2 2 4 3 4 2 1 1 1 
1.345945e+03 
2.720485e+01 
1 1 4 0 3 2 4 2 4 1 3 1 4 1 1 3 4 2 4 1 2 3 3 2 2 4 3 3 2 1 1 1 
1.345945e+03 
2.720485e+01 
1 1 4 0 3 2 4 2 4 1 3 1 4 1 1 3 4 2 4 1 2 3 3 2 2 4 3 3 2 1 1 1 
8.094046e+02 
2.669630e+01 
1 1 4 0 3 2 4 2 4 1 3 1 4 1 1 3 4 2 4 1 2 3 3 2 2 4 3 3 2 1 1 1 
8.935913e+02 
2.679525e+01 
1 1 4 0 3 2 4 2 4 1 3 1 4 1 1 3 4 2 4 1 2 3 3 2 2 4 3 3 2 1 1 1 
1.024455e+03 
2.693192e+01 
1 1 4 0 3 2 1 2 4 1 3 1 4 1 2 3 4 2 4 1 2 3 3 2 2 4 3 3 2 1 1 1 
1.266968e+03 
2.714438e+01 
1 1 4 0 3 2 1 2 4 1 3 1 4 1 2 3 4 2 4 1 2 3 3 2 2 4 3 3 2 1 1 1 
1.345945e+03 
2.720485e+01 
1 1 4 0 3 2 1 2 4 1 3 1 4 1 2 3 4 2 4 1 2 3 3 2 2 4 3 3 2 1 1 1 
9.954733e+02 
2.690322e+01 
1 1 4 0 3 2 1 2 4 1 3 1 4 1 3 3 4 2 4 1 2 3 3 2 3 4 3 3 2 1 1 1 
1.345945e+03 
2.720485e+01 
1 1 4 0 3 2 4 2 4 1 3 1 4 1 2 3 4 2 4 1 2 3 3 2 2 4 3 3 2 1 1 1 
9.645246e+02 
2.687164e+01 
1 1 4 0 3 2 4 2 4 1 3 1 4 1 1 3 4 2 4 3 2 3 3 2 2 4 3 3 2 1 1 1 
6.514170e+02 
2.647915e+01 
1 1 4 0 3 2 4 2 4 1 3 1 4 1 1 3 4 2 4 1 2 3 3 2 3 4 3 3 2 1 1 1 
9.139851e+02 
2.681781e+01 
1 1 4 0 3 2 4 2 4 1 3 1 4 1 1 3 4 2 4 3 2 3 3 2 2 4 3 3 2 1 1 1 
1.345945e+03 
2.720485e+01 
1 1 4 0 3 2 4 2 4 1 3 1 4 1 1 3 4 2 4 3 2 3 3 2 2 4 3 3 2 1 1 1 
9.195353e+02 
2.682387e+01 
1 1 4 0 3 2 4 2 4 1 3 1 3 1 1 3 4 2 4 3 2 3 3 2 2 4 3 3 3 1 1 1 
1.144711e+03 
2.704291e+01 
1 1 4 0 3 2 4 2 4 1 3 1 4 1 1 3 4 2 4 3 2 3 3 2 2 4 3 3 2 1 1 1 
1.144711e+03 
2.704291e+01 
1 1 4 0 3 2 4 2 4 1 1 1 4 1 1 3 4 2 4 3 2 3 3 2 2 0 3 3 2 1 1 1 
1.345945e+03 
2.720485e+01 
1 1 4 0 3 2 4 2 4 1 1 1 4 1 1 3 4 2 4 3 2 3 3 2 2 0 3 3 2 1 1 1 
9.309297e+02 
2.683618e+01 
1 1 4 0 3 2 4 2 3 1 3 1 4 1 1 3 4 2 4 3 2 3 3 2 2 0 3 3 2 1 1 1 
1.345945e+03 
2.720485e+01 
1 1 4 0 3 2 4 2 4 1 3 1 4 1 1 3 4 2 4 3 2 3 3 2 2 4 3 3 2 1 1 1 
1.345945e+03 
2.720485e+01 
1 1 4 0 3 2 4 2 4 1 3 1 4 1 1 1 4 2 4 3 2 3 3 2 2 4 3 3 2 1 1 1 
7.408146e+02 
2.660775e+01 
1 1 4 0 3 2 4 2 4 1 3 1 4 1 1 1 4 2 4 3 2 3 2 2 2 4 3 3 2 1 1 1 
1.345945e+03 
2.720485e+01 
1 1 4 0 3 2 4 2 4 1 3 1 4 1 1 3 4 2 4 3 2 3 3 2 2 4 0 3 2 1 1 1 
1.345945e+03 
2.720485e+01 
1 1 4 0 3 2 4 2 4 1 3 1 4 1 1 3 4 2 4 3 2 3 3 2 2 4 3 3 2 1 1 1 
9.037788e+02 
2.680658e+01 
1 1 4 0 3 2 4 2 4 1 3 1 4 1 1 3 4 2 4 3 2 3 0 2 2 4 3 3 2 1 1 1 
8.168318e+02 
2.670543e+01 
1 1 4 0 3 2 4 2 4 1 3 1 4 1 1 3 4 2 4 3 2 3 0 2 2 4 3 3 2 1 1 1 
1.345945e+03 
2.720485e+01 
1 1 4 0 3 2 4 2 4 1 3 1 4 1 1 3 4 2 4 3 2 3 0 2 2 4 3 3 2 1 1 1 
1.345945e+03 
2.720485e+01 
1 1 4 0 3 2 4 2 4 1 3 1 4 1 1 3 4 2 4 3 2 3 3 1 2 4 3 3 2 1 1 1 
9.524160e+02 
2.685900e+01 
1 1 4 0 3 2 4 2 4 1 3 1 4 1 1 3 4 2 4 3 2 3 3 2 2 4 3 3 2 1 1 1 
9.558959e+02 
2.686265e+01 
1 1 4 0 3 2 4 2 4 1 3 1 4 1 1 3 4 2 4 3 2 3 3 2 2 4 3 3 2 1 1 1 
1.029596e+03 
2.693692e+01 
1 1 4 0 3 2 4 2 4 1 3 1 4 1 1 3 4 2 4 1 2 3 3 2 2 4 3 3 2 1 1 1 
7.822901e+02 
2.666223e+01 
1 1 4 0 3 2 4 2 4 1 3 1 4 1 1 3 4 2 4 1 2 3 3 2 2 4 3 3 2 1 1 1 
1.128637e+03 
2.702877e+01 
1 1 4 0 3 2 4 2 4 1 3 1 4 1 1 3 4 1 4 1 2 3 3 2 2 4 3 3 2 1 1 1 
1.078992e+03 
2.698378e+01 
1 1 4 0 3 2 4 2 4 1 3 1 4 1 1 3 4 2 4 1 2 3 3 2 2 4 3 3 3 1 1 1 
7.592153e+02 
2.663229e+01 
1 1 4 0 3 0 4 2 4 1 3 1 4 1 1 3 4 3 1 1 2 3 3 2 2 4 3 3 2 1 1 1 
8.368426e+02 
2.672964e+01 
1 1 4 0 3 0 4 2 4 1 3 1 4 1 1 3 4 3 1 1 2 3 1 2 2 4 4 3 2 1 1 1 
8.368426e+02 
2.672964e+01 
1 1 4 0 3 3 4 2 4 1 3 1 4 1 1 3 0 2 4 1 2 3 3 2 2 4 3 3 2 1 1 1 
7.976193e+02 
2.668163e+01 
1 1 4 0 3 3 4 2 4 0 3 1 4 1 1 3 4 3 4 1 2 3 3 2 2 4 3 3 2 1 1 1 
1.332762e+03 
2.719501e+01 
1 1 4 0 3 3 4 1 4 1 3 1 4 1 1 3 0 2 4 1 2 3 3 2 2 4 2 3 2 1 1 1 
1.332762e+03 
2.719501e+01 
1 1 4 0 3 3 4 2 4 1 3 1 4 1 1 3 0 2 4 1 2 3 3 2 2 4 3 3 2 1 1 1 
1.232447e+03 
2.711676e+01 
1 1 4 4 3 3 4 2 4 1 3 1 4 1 1 2 4 2 4 2 2 3 3 2 2 4 3 3 2 1 1 1 
1.005311e+03 
2.691305e+01 
1 1 4 4 3 3 4 2 4 1 3 1 4 1 1 3 4 2 4 2 2 3 3 2 2 4 3 3 2 1 1 1 
1.332762e+03 
2.719501e+01 
1 1 4 4 3 3 4 2 4 1 3 1 4 1 1 3 4 2 4 3 2 3 3 3 2 4 3 3 2 1 1 1 
1.009312e+03 
2.691702e+01 
1 1 4 4 3 3 4 2 4 1 3 1 4 1 1 3 4 2 4 3 2 3 3 3 2 4 3 3 2 1 1 1 
1.332762e+03 
2.719501e+01 
1 1 4 4 3 3 4 2 4 1 1 1 4 1 1 3 4 2 4 2 2 3 3 2 2 4 0 3 2 1 1 1 
1.316112e+03 
2.718244e+01 
1 1 4 4 3 3 4 2 4 1 3 1 4 1 1 3 4 2 4 0 2 3 3 2 2 4 3 3 2 1 1 1 
7.912504e+02 
2.667361e+01 
1 1 4 4 3 3 4 2 4 1 3 1 4 1 1 3 4 2 4 0 2 3 3 2 2 4 3 3 2 1 1 1 
1.268051e+03 
2.714524e+01 
1 1 4 4 3 3 4 2 4 1 3 1 4 1 1 3 4 2 4 2 2 3 3 2 2 4 3 3 2 1 1 1 
7.995527e+02 
2.668405e+01 
1 1 4 2 3 3 4 2 4 1 3 1 4 1 1 3 4 2 4 0 2 3 3 2 3 4 3 3 2 1 1 1 
1.268051e+03 
2.714524e+01 
1 1 4 4 2 3 4 2 4 1 3 1 4 1 1 3 4 2 4 0 2 3 3 2 3 4 3 3 2 1 1 1 
1.268051e+03 
2.714524e+01 
1 1 4 4 3 3 4 2 4 1 3 1 4 3 0 3 4 2 4 0 2 3 3 2 2 4 3 3 2 1 1 1 
6.879649e+02 
2.653374e+01 
1 1 4 4 3 3 4 2 4 1 3 1 4 1 0 3 4 2 4 0 2 3 3 2 2 4 3 3 2 1 1 1 
8.610737e+02 
2.675818e+01 
1 1 4 4 3 3 4 2 4 1 3 1 4 1 1 3 4 2 4 0 2 3 3 3 2 4 3 3 2 1 1 1 
6.879649e+02 
2.653374e+01 
1 1 4 4 3 3 4 2 4 1 3 1 4 1 1 3 4 2 4 0 2 3 3 2 2 4 3 3 2 1 1 1 
1.037233e+03 
2.694431e+01 
1 1 4 4 3 3 4 2 4 1 3 1 4 1 1 3 4 2 4 3 2 3 3 2 2 4 3 3 2 1 1 1 
1.037233e+03 
2.694431e+01 
1 1 4 4 3 3 4 2 4 1 3 1 4 1 1 3 4 2 4 3 2 3 3 2 2 4 3 3 2 1 1 1 
1.316112e+03 
2.718244e+01 
1 1 4 4 3 3 4 2 4 1 3 1 4 1 1 3 4 2 4 3 2 3 3 2 2 4 3 3 2 1 1 1 
1.316112e+03 
2.718244e+01 
1 1 4 4 3 3 4 2 4 1 3 1 4 1 1 3 4 2 4 3 2 3 3 2 2 4 3 3 2 1 1 1 
1.316112e+03 
2.718244e+01 
1 1 4 4 3 3 4 2 4 1 3 1 4 1 1 3 4 2 4 3 2 3 3 2 1 4 3 3 2 1 1 1 
1.316112e+03 
2.718244e+01 
1 1 4 4 3 3 4 2 4 1 3 2 4 1 1 3 4 2 4 0 2 3 3 2 2 4 3 3 2 1 1 1 
9.759876e+02 
2.688345e+01 
1 1 4 4 3 3 4 2 4 1 3 2 4 1 1 3 4 2 4 0 2 3 3 2 2 4 3 3 2 1 1 1 
1.332762e+03 
2.719501e+01 
1 1 4 2 3 3 4 2 4 1 3 2 4 1 1 3 4 2 4 0 2 3 3 2 2 4 3 3 2 1 1 1 
1.332762e+03 
2.719501e+01 
1 1 4 2 3 3 4 2 4 1 3 2 4 1 1 3 4 2 4 0 2 3 3 2 2 4 3 3 2 1 1 1 
1.332762e+03 
2.719501e+01 
1 1 4 2 3 3 4 2 4 1 3 2 4 1 1 3 4 2 4 0 2 3 3 2 2 4 3 3 2 1 1 1 
1.332762e+03 
2.719501e+01 
1 1 4 2 3 3 4 2 4 1 3 2 0 1 1 3 4 2 4 3 2 3 3 2 2 4 3 3 2 1 1 1 
1.255460e+03 
2.713526e+01 
1 1 4 2 3 3 4 2 4 1 3 2 4 1 1 3 4 2 4 3 2 3 3 2 2 4 3 4 2 1 1 1 
1.255460e+03 
2.713526e+01 
1 1 4 2 3 3 4 2 4 1 3 2 4 1 1 3 4 2 4 3 2 3 4 2 2 4 3 3 2 1 1 1 
1.266762e+03 
2.714422e+01 
1 1 4 2 3 3 4 2 4 1 3 1 4 1 1 3 4 2 4 3 2 3 4 2 2 4 3 3 2 1 1 1 
1.255460e+03 
2.713526e+01 
1 1 4 2 3 3 4 2 4 1 3 1 4 1 1 3 4 2 4 3 2 3 3 2 2 4 3 3 2 1 1 1 
9.351667e+02 
2.684072e+01 
1 1 4 2 3 3 4 2 4 1 3 2 4 1 1 3 4 2 4 3 2 3 4 2 2 4 3 3 2 1 1 1 
1.266762e+03 
2.714422e+01 
1 1 4 2 3 3 4 2 4 1 3 2 4 1 1 3 4 2 4 3 2 3 3 2 2 4 3 3 2 1 1 1 
1.066957e+03 
2.697257e+01 
1 1 4 2 3 3 4 2 4 1 3 2 4 1 1 3 4 2 4 3 2 3 3 2 2 4 3 3 2 1 1 1 
1.066957e+03 
2.697257e+01 
1 1 4 2 3 3 4 2 4 1 3 2 4 1 1 3 4 2 4 3 2 3 3 2 2 4 3 3 2 1 1 1 
1.150016e+03 
2.704753e+01 
1 1 4 2 3 3 4 2 4 1 3 2 0 1 1 3 4 2 4 3 2 3 3 2 2 4 3 3 2 1 1 1 
1.266762e+03 
2.714422e+01 
1 1 4 2 3 3 4 2 4 1 3 2 4 1 1 3 4 2 4 3 2 3 3 2 2 4 3 3 2 1 1 1 
1.266762e+03 
2.714422e+01 
1 1 4 2 3 3 4 2 4 1 3 2 4 1 1 3 4 2 4 3 2 3 3 2 2 4 3 3 2 1 1 1 
1.266762e+03 
2.714422e+01 
1 2 4 2 3 3 4 2 4 1 3 2 4 1 1 3 4 2 4 3 2 3 3 2 2 4 3 3 2 1 1 1 
1.266762e+03 
2.714422e+01 
1 1 4 2 3 3 4 2 4 1 3 2 4 1 1 3 4 2 4 3 2 3 3 2 2 4 3 3 2 1 1 1 
1.266762e+03 
2.714422e+01 
1 1 4 2 2 3 4 2 4 1 3 2 4 1 1 3 4 2 4 3 2 3 3 2 2 4 3 3 2 1 1 1 
1.266762e+03 
2.714422e+01 
1 1 4 2 3 3 4 2 4 1 3 2 4 1 1 3 4 2 4 3 2 3 3 2 2 4 3 3 2 1 1 1 
1.266762e+03 
2.714422e+01 
1 1 4 2 3 3 4 2 4 1 3 2 4 1 1 3 4 2 4 3 2 3 3 2 2 4 3 3 2 1 1 1 
1.332762e+03 
2.719501e+01 
1 1 4 2 3 3 4 2 4 1 3 1 4 1 1 3 4 2 4 3 2 3 3 2 2 4 3 3 2 1 1 1 
1.266762e+03 
2.714422e+01 
1 1 4 2 3 3 4 2 4 1 3 1 4 1 1 3 4 2 4 3 2 3 3 2 2 4 3 3 2 1 1 1 
8.267292e+02 
2.671748e+01 
1 1 4 4 3 3 4 2 4 1 3 1 4 1 1 3 4 2 4 3 2 3 3 2 2 4 3 3 2 1 1 1 
1.332762e+03 
2.719501e+01 
1 1 4 4 3 3 4 2 4 1 3 1 4 1 1 3 4 2 4 3 2 3 3 2 2 4 3 3 2 1 1 1 
1.332762e+03 
2.719501e+01 
1 1 4 4 3 3 4 2 4 1 3 1 4 1 1 3 4 2 3 3 2 3 3 2 2 4 3 3 2 1 1 1 
1.332762e+03 
2.719501e+01 
