1 1 4 4 0 3 4 2 1 1 3 1 4 1 1 3 1 2 2 4 2 3 1 2 3 4 4 3 2 1 1 1 
1.117797e+03 
2.701912e+01 
1 1 4 4 3 3 4 2 1 1 3 1 4 1 1 3 1 2 2 4 2 3 1 2 3 4 4 3 2 1 1 1 
1.117797e+03 
2.701912e+01 
1 1 4 4 3 3 4 2 1 1 3 1 4 1 1 3 1 2 2 4 2 3 1 2 3 4 4 3 2 1 1 1 
1.117797e+03 
2.701912e+01 
1 1 4 4 3 3 4 2 1 1 3 1 4 1 1 3 1 2 2 4 2 3 1 2 3 4 4 3 2 1 1 1 
1.117797e+03 
2.701912e+01 
1 1 4 4 3 3 4 2 1 1 3 1 4 1 1 3 1 2 2 4 2 3 1 2 3 4 4 3 2 1 1 1 
1.117797e+03 
2.701912e+01 
1 1 4 4 3 3 4 2 1 1 3 1 4 1 1 3 1 2 2 4 2 3 1 2 3 4 4 3 2 1 1 1 
1.117797e+03 
2.701912e+01 
1 1 4 4 3 3 4 2 1 1 3 1 4 1 1 3 1 2 2 4 2 3 1 2 3 4 4 3 2 1 1 1 
1.117797e+03 
2.701912e+01 
1 1 4 4 3 3 4 2 1 1 3 1 4 1 1 3 1 2 2 4 2 3 1 2 3 4 4 3 2 1 1 1 
7.566764e+02 
2.662894e+01 
1 1 2 4 3 3 4 2 1 1 3 1 4 3 1 3 1 2 2 4 2 3 1 2 3 4 4 3 2 1 1 1 
5.066705e+02 
2.622786e+01 
1 1 4 4 3 3 4 2 1 1 3 1 4 3 1 3 1 2 2 4 2 3 1 2 3 4 4 3 2 1 1 1 
1.117797e+03 
2.701912e+01 
1 1 4 4 3 3 4 2 1 1 3 1 4 3 1 3 1 2 2 4 2 3 1 2 3 4 4 3 2 1 1 1 
1.033656e+03 
2.694086e+01 
1 1 4 4 3 3 4 2 1 1 3 1 4 3 1 3 1 2 2 4 2 3 1 2 3 4 4 3 2 1 1 1 
1.033656e+03 
2.694086e+01 
1 1 4 4 3 3 4 2 1 1 3 1 4 3 1 3 1 2 2 4 2 3 1 2 3 4 4 3 2 1 1 1 
1.033656e+03 
2.694086e+01 
1 1 4 4 3 3 4 2 1 1 3 1 4 3 1 3 1 2 2 4 2 3 1 2 3 4 4 3 2 1 1 1 
9.078793e+02 
2.681111e+01 
1 1 4 4 3 3 4 2 1 1 3 1 4 3 1 3 1 2 2 4 2 3 1 2 3 4 4 3 2 1 1 1 
1.033656e+03 
2.694086e+01 
1 1 4 4 3 3 4 2 1 1 3 1 4 3 1 3 1 2 2 4 2 3 1 2 3 4 4 3 2 1 1 1 
1.033656e+03 
2.694086e+01 
1 1 4 4 3 3 4 2 1 1 3 1 4 3 1 3 1 2 2 4 2 3 1 2 3 4 4 3 2 1 1 1 
1.033656e+03 
2.694086e+01 
1 1 4 4 3 3 4 2 1 1 3 1 4 3 1 3 1 2 2 4 2 3 1 2 3 4 4 3 2 1 1 1 
1.033656e+03 
2.694086e+01 
1 1 4 4 3 3 4 2 1 1 3 1 4 3 1 3 1 2 2 4 2 3 1 2 3 4 4 3 2 1 1 1 
1.033656e+03 
2.694086e+01 
1 1 4 4 3 3 4 2 1 1 3 1 4 1 1 3 1 2 2 4 2 3 1 2 3 4 4 3 2 1 1 1 
1.033656e+03 
2.694086e+01 
1 1 4 4 3 3 4 2 1 1 3 1 4 1 1 3 1 2 2 4 2 3 1 3 3 4 4 3 2 1 1 1 
1.117797e+03 
2.701912e+01 
1 1 4 4 3 3 4 2 1 1 3 1 4 1 1 3 1 2 2 4 2 3 1 3 3 4 4 3 2 1 1 1 
1.006531e+03 
2.691426e+01 
1 1 4 4 3 3 4 2 1 1 3 1 4 1 1 3 1 2 2 4 2 3 1 3 3 4 4 3 2 1 1 1 
1.117797e+03 
2.701912e+01 
1 1 4 4 3 3 4 2 1 1 3 1 4 1 1 3 1 2 2 2 2 3 1 2 3 4 4 3 2 1 1 1 
1.006531e+03 
2.691426e+01 
1 1 4 4 3 3 4 2 1 1 3 1 4 1 1 3 1 2 2 4 2 3 1 2 3 4 4 3 2 1 1 1 
1.117797e+03 
2.701912e+01 
1 1 4 1 3 3 4 2 1 1 3 2 4 1 1 3 1 2 2 4 2 3 1 2 3 4 3 3 3 1 1 1 
1.117797e+03 
2.701912e+01 
1 0 4 1 3 3 4 2 1 1 3 2 4 1 1 3 1 2 2 4 2 3 1 2 3 4 4 3 2 1 1 1 
1.096017e+03 
2.699944e+01 
1 0 4 1 3 3 4 2 1 1 3 2 4 1 1 3 1 2 2 4 2 3 1 2 3 4 4 3 2 1 1 1 
8.224335e+02 
2.671227e+01 
1 0 4 1 3 3 4 2 1 1 3 2 4 1 1 3 1 2 2 1 2 3 1 2 3 4 4 3 2 1 1 1 
9.162937e+02 
2.682034e+01 
1 1 3 1 3 3 4 2 1 1 3 2 2 1 1 3 1 2 2 4 2 3 1 2 3 4 4 3 2 1 1 1 
1.019369e+03 
2.692694e+01 
1 1 4 1 3 3 4 2 1 1 3 2 4 2 1 3 1 2 2 4 2 1 1 2 3 4 4 3 2 1 1 1 
8.194193e+02 
2.670860e+01 
1 1 4 1 3 3 4 2 1 1 3 2 4 2 1 3 1 2 2 4 2 1 1 2 3 4 4 3 2 1 1 1 
3.991575e+02 
2.598936e+01 
1 1 4 1 3 3 2 2 1 1 3 2 4 2 1 3 1 2 2 4 2 3 1 2 3 4 4 3 2 1 1 1 
7.734339e+02 
2.665084e+01 
1 1 4 1 3 3 4 2 1 1 3 2 4 2 1 3 1 2 2 4 2 3 1 2 3 4 4 3 2 1 1 1 
1.052375e+03 
2.695881e+01 
1 1 4 1 3 3 4 2 1 1 3 2 4 2 1 3 1 2 2 4 2 3 1 2 3 4 4 3 2 1 1 1 
1.052375e+03 
2.695881e+01 
1 1 4 1 3 3 4 2 1 1 3 2 4 2 1 3 1 0 2 4 2 3 1 2 3 4 4 3 2 1 1 1 
1.052375e+03 
2.695881e+01 
1 1 4 1 3 3 4 2 1 1 3 2 4 2 1 3 1 2 2 4 2 3 1 2 3 4 4 3 2 1 1 1 
1.096017e+03 
2.699944e+01 
1 1 4 1 3 3 4 2 1 1 3 2 4 2 1 3 1 2 2 4 2 3 1 2 3 4 4 3 2 1 1 1 
8.174869e+02 
2.670623e+01 
1 1 4 1 3 3 4 2 1 1 3 2 4 1 1 3 1 2 2 4 2 3 1 2 3 4 4 3 2 1 1 1 
9.176959e+02 
2.682187e+01 
1 1 4 3 3 3 4 2 1 1 4 2 4 2 1 3 1 2 2 4 2 3 1 2 3 4 4 3 2 1 1 1 
1.117797e+03 
2.701912e+01 
1 1 4 3 3 3 4 2 1 1 4 2 4 2 1 3 1 2 2 4 2 3 1 2 3 4 4 3 3 1 1 1 
4.829321e+02 
2.617988e+01 
1 1 4 2 3 3 4 2 1 1 4 2 4 1 1 3 1 2 2 4 2 3 1 2 3 4 4 3 2 1 1 1 
9.058588e+02 
2.680888e+01 
1 1 4 1 3 3 4 2 1 1 3 1 4 1 1 3 1 2 2 4 2 3 1 2 3 4 4 3 2 1 1 1 
1.117797e+03 
2.701912e+01 
1 1 4 1 3 3 4 2 1 1 3 1 4 1 1 3 1 2 2 4 2 3 1 2 3 4 4 3 2 1 1 1 
1.117797e+03 
2.701912e+01 
1 1 4 1 3 3 4 2 1 1 3 1 2 1 1 3 1 2 2 4 2 3 1 2 3 4 4 3 2 1 1 1 
1.117797e+03 
2.701912e+01 
1 1 4 1 3 3 4 2 1 1 3 1 2 1 1 3 1 2 2 4 2 3 1 2 3 4 4 2 2 1 1 1 
1.117797e+03 
2.701912e+01 
1 1 4 1 3 3 4 2 1 1 3 1 4 1 1 3 1 2 2 4 2 3 1 2 3 4 4 3 2 1 1 1 
1.117797e+03 
2.701912e+01 
1 1 4 1 3 3 4 2 1 1 3 1 4 1 1 3 1 2 2 4 2 3 1 2 3 4 4 3 2 2 1 1 
1.117797e+03 
2.701912e+01 
1 1 4 1 3 3 4 2 1 1 3 1 4 1 1 3 1 2 2 4 2 3 1 2 3 4 4 3 2 1 1 1 
1.117797e+03 
2.701912e+01 
1 1 4 1 3 3 4 2 1 1 3 1 4 1 1 3 1 2 2 4 2 3 1 2 3 4 4 3 2 1 1 1 
1.117797e+03 
2.701912e+01 
1 1 4 1 3 3 4 2 1 1 3 1 4 1 1 3 1 2 2 4 2 3 1 2 3 4 4 3 2 1 1 1 
1.117797e+03 
2.701912e+01 
1 1 4 1 3 3 4 2 1 1 3 1 4 1 1 3 1 2 2 4 2 3 1 2 3 4 4 3 2 1 1 1 
1.117797e+03 
2.701912e+01 
1 1 4 1 3 3 4 2 1 1 3 1 4 1 1 3 1 2 2 4 2 3 1 2 3 4 4 3 2 1 1 1 
1.117797e+03 
2.701912e+01 
1 1 4 1 3 3 4 2 1 1 3 1 4 1 1 3 1 2 2 4 2 3 1 2 3 4 4 3 2 1 1 1 
1.117797e+03 
2.701912e+01 
1 1 4 1 3 3 4 2 1 1 3 1 4 1 1 3 1 2 2 4 2 3 1 2 3 4 4 3 2 1 1 1 
1.117797e+03 
2.701912e+01 
1 1 4 1 3 3 4 2 1 1 3 1 4 1 1 3 1 2 2 4 2 3 1 2 3 4 4 3 2 1 1 1 
1.084445e+03 
2.698882e+01 
1 1 4 1 3 3 4 2 1 1 3 1 4 1 1 3 1 2 2 4 2 3 1 2 3 4 4 3 2 1 1 1 
1.117797e+03 
2.701912e+01 
1 1 4 1 3 3 4 2 1 1 3 1 4 1 1 3 1 2 2 4 2 3 1 2 3 4 4 3 2 1 1 1 
1.117797e+03 
2.701912e+01 
1 1 4 1 3 3 4 2 1 1 3 1 4 1 1 3 1 2 2 4 2 3 1 2 3 4 4 3 2 1 1 1 
1.117797e+03 
2.701912e+01 
1 1 4 1 3 3 4 2 1 1 3 1 4 1 1 3 1 2 2 4 2 3 1 2 3 4 4 3 2 1 1 1 
6.916225e+02 
2.653904e+01 
1 1 4 1 3 3 4 2 1 1 3 1 4 1 1 3 1 3 2 4 2 3 1 2 3 4 4 3 2 1 1 1 
1.117797e+03 
2.701912e+01 
1 1 4 1 3 3 4 2 1 1 3 1 4 1 1 3 1 2 2 4 2 3 1 2 3 4 4 3 2 1 1 1 
7.115504e+02 
2.656745e+01 
1 1 4 1 3 3 4 2 1 1 3 1 4 1 1 3 1 2 2 4 2 3 1 2 3 4 4 3 2 1 1 1 
8.024243e+02 
2.668764e+01 
1 1 4 1 3 3 4 2 1 1 3 1 4 1 1 3 1 2 2 4 2 3 1 2 3 4 4 3 2 1 1 1 
6.244515e+02 
2.643687e+01 
1 1 4 0 3 3 4 2 1 1 3 1 4 1 1 3 1 2 2 4 2 3 1 2 3 4 4 3 2 1 1 1 
1.117797e+03 
2.701912e+01 
1 1 4 1 3 3 4 2 1 1 3 1 4 1 1 3 1 2 2 4 2 3 1 2 3 4 4 3 2 1 1 1 
1.117797e+03 
2.701912e+01 
1 1 4 0 3 3 4 2 1 1 3 1 4 1 1 3 1 2 2 4 2 3 1 2 3 4 4 3 2 1 1 1 
1.116345e+03 
2.701781e+01 
1 1 4 1 3 3 4 2 1 1 3 1 4 1 1 3 1 2 2 4 2 3 1 2 3 4 4 3 2 1 1 1 
1.117797e+03 
2.701912e+01 
1 1 4 1 3 3 4 2 1 1 3 1 4 1 1 3 1 2 2 4 2 3 1 2 3 4 4 3 2 1 1 1 
1.117797e+03 
2.701912e+01 
1 1 4 1 3 3 4 2 0 1 3 1 4 1 1 3 1 2 2 4 2 3 1 2 3 4 4 3 2 1 3 1 
4.308462e+02 
2.606575e+01 
1 1 4 1 3 3 4 2 1 1 3 1 4 1 1 3 1 2 2 4 2 3 1 2 3 4 4 3 2 1 2 1 
4.386096e+02 
2.608361e+01 
1 1 4 1 3 3 4 2 1 1 3 1 4 1 1 3 1 2 2 4 2 3 1 2 3 4 4 3 2 1 2 1 
8.780867e+02 
2.677775e+01 
1 1 4 1 3 3 4 2 1 1 3 1 4 1 1 3 1 2 2 4 2 3 1 2 3 4 4 3 2 1 1 1 
6.009553e+02 
2.639852e+01 
1 1 4 1 3 3 4 2 1 1 3 1 4 1 1 3 1 2 2 4 2 3 1 2 3 4 4 3 2 1 1 1 
9.506989e+02 
2.685720e+01 
1 1 4 1 3 3 4 2 1 1 3 1 4 1 1 3 1 2 2 4 2 3 1 2 3 4 4 3 2 1 1 1 
9.506989e+02 
2.685720e+01 
1 1 4 1 3 3 4 2 1 1 3 1 4 1 1 3 1 2 2 4 2 3 1 2 3 4 4 3 2 1 1 1 
1.005622e+03 
2.691336e+01 
1 1 4 1 3 3 4 2 1 1 3 1 4 1 1 3 1 2 2 4 2 3 1 2 3 4 4 3 2 1 1 1 
9.588548e+02 
2.686574e+01 
1 1 4 1 3 3 4 2 1 1 3 1 4 1 1 3 4 2 2 4 2 3 1 2 3 4 4 3 2 1 1 1 
9.588548e+02 
2.686574e+01 
1 1 4 1 3 3 4 2 3 1 3 1 1 1 1 3 1 2 2 4 2 3 1 2 3 4 1 3 2 1 1 1 
9.588548e+02 
2.686574e+01 
1 1 4 4 3 3 4 2 1 1 3 1 4 1 1 3 1 2 2 4 2 3 1 2 1 4 4 3 2 1 1 1 
5.278866e+02 
2.626888e+01 
1 1 4 4 3 3 4 2 1 1 3 1 4 1 1 3 1 2 0 4 2 3 1 2 3 4 4 3 2 1 1 1 
8.167419e+02 
2.670532e+01 
1 1 4 4 3 3 4 2 1 1 3 1 4 1 1 3 1 2 0 4 1 3 1 2 3 4 4 3 2 1 1 1 
8.167419e+02 
2.670532e+01 
1 1 4 4 3 3 4 2 1 1 3 1 4 1 1 3 1 2 0 4 2 3 1 2 3 4 4 3 2 1 1 1 
7.930099e+02 
2.667584e+01 
1 1 4 4 3 3 4 2 1 1 3 1 4 1 1 3 1 2 0 4 2 3 1 2 3 4 4 3 2 1 1 1 
7.930099e+02 
2.667584e+01 
1 1 4 0 3 3 0 2 1 1 3 1 4 1 1 3 1 2 2 4 2 3 0 2 3 4 4 3 2 1 1 1 
7.930099e+02 
2.667584e+01 
1 1 4 0 3 3 0 2 1 1 3 1 4 1 1 3 1 2 2 4 2 3 1 2 3 4 4 3 2 1 1 1 
1.006531e+03 
2.691426e+01 
1 1 4 4 3 3 4 2 1 1 3 1 4 1 1 3 1 2 2 4 2 3 1 3 3 4 4 3 2 1 1 1 
1.084445e+03 
2.698882e+01 
1 1 4 4 3 3 4 2 1 1 3 1 4 1 1 3 1 2 2 4 2 3 1 3 3 4 4 3 2 1 1 1 
1.084445e+03 
2.698882e+01 
1 1 4 0 3 3 4 2 1 1 3 1 4 1 1 3 1 2 2 4 2 3 1 2 3 4 4 3 2 1 1 1 
1.006531e+03 
2.691426e+01 
1 1 4 4 3 3 4 2 1 1 3 1 4 1 1 3 1 2 2 4 2 3 1 3 3 4 4 3 2 1 1 1 
1.006531e+03 
2.691426e+01 
1 1 4 4 3 3 4 2 1 1 3 1 4 1 1 3 1 2 2 4 2 3 1 1 3 4 4 3 2 1 1 1 
7.616256e+02 
2.663546e+01 
1 1 4 4 3 3 1 2 1 1 3 1 4 1 1 0 1 2 2 4 2 3 1 3 3 4 4 3 2 1 1 1 
8.472897e+02 
2.674204e+01 
1 1 4 4 3 3 1 2 1 1 3 1 4 1 1 3 1 2 2 4 2 3 1 3 3 4 4 3 2 1 1 1 
1.045241e+03 
2.695200e+01 
1 1 4 4 3 3 1 2 1 1 3 1 4 1 1 3 1 2 2 4 2 3 1 3 3 4 4 3 2 1 1 1 
7.591937e+02 
2.663226e+01 
1 1 4 4 3 3 1 2 1 1 3 1 4 1 1 3 1 2 2 4 2 3 1 3 3 4 4 3 2 1 1 1 
1.045241e+03 
2.695200e+01 
1 1 4 4 3 3 1 2 1 1 3 1 4 1 1 3 1 2 2 4 2 3 1 3 3 4 4 3 2 1 1 1 
1.045241e+03 
2.695200e+01 
3 1 4 4 3 3 1 2 1 1 3 1 4 1 1 3 1 2 2 4 2 3 1 3 3 4 4 3 2 1 1 1 
1.045241e+03 
2.695200e+01 
1 1 4 4 3 3 1 2 1 1 3 1 4 1 1 3 1 2 2 4 2 3 1 3 3 4 4 3 2 1 1 1 
1.045241e+03 
2.695200e+01 
1 2 4 4 3 3 4 1 1 1 3 1 4 1 1 3 1 2 2 4 2 3 1 3 3 4 4 3 2 1 1 1 
1.045241e+03 
2.695200e+01 
1 1 4 4 3 3 1 2 1 1 3 1 4 1 1 3 1 2 2 4 2 3 1 3 3 4 4 3 2 1 1 1 
6.754877e+02 
2.651543e+01 
