1 1 4 2 3 3 4 2 4 1 3 4 4 1 1 3 4 2 4 0 2 3 3 2 2 4 3 3 2 1 1 1 
1.316112e+03 
2.718244e+01 
1 1 4 2 3 3 4 2 4 1 3 4 4 1 1 3 4 2 4 0 2 3 3 2 2 4 3 3 2 1 1 1 
1.228842e+03 
2.711383e+01 
1 1 4 2 3 3 4 2 4 1 3 4 4 1 1 3 4 2 4 0 2 3 3 2 2 4 3 3 2 1 1 1 
1.316112e+03 
2.718244e+01 
1 1 4 2 3 3 4 2 4 1 3 1 4 1 1 3 4 2 4 0 2 3 3 2 2 4 3 3 2 1 4 1 
1.298450e+03 
2.716893e+01 
1 1 4 2 3 3 4 2 4 1 3 1 4 4 1 3 4 2 4 0 2 3 3 2 2 4 3 3 2 1 1 1 
1.316112e+03 
2.718244e+01 
1 1 4 2 3 3 4 2 4 1 3 1 4 1 1 3 4 2 4 0 2 3 3 2 2 4 3 3 2 1 1 1 
1.316112e+03 
2.718244e+01 
1 1 4 2 3 3 4 2 4 1 3 1 4 1 1 3 4 2 4 0 2 3 3 2 2 4 3 3 2 1 1 1 
1.316112e+03 
2.718244e+01 
1 1 4 2 3 3 4 2 4 1 3 1 4 1 1 3 4 2 4 0 2 3 3 2 2 4 3 3 2 1 1 1 
1.316112e+03 
2.718244e+01 
1 1 4 2 3 3 4 2 4 1 3 1 4 1 1 3 4 2 4 0 2 3 3 2 2 4 3 3 2 1 1 1 
1.316112e+03 
2.718244e+01 
1 1 4 2 3 3 4 2 4 1 2 1 4 1 1 3 4 2 4 0 2 3 3 2 2 4 3 3 2 1 1 1 
1.316112e+03 
2.718244e+01 
1 1 4 4 3 3 4 2 4 1 3 1 4 1 1 3 4 2 4 0 2 3 3 2 2 4 3 3 2 1 1 1 
1.316112e+03 
2.718244e+01 
1 1 4 2 3 3 4 2 4 1 3 1 4 1 1 3 4 2 4 0 2 3 3 2 2 4 3 3 2 1 1 1 
1.316112e+03 
2.718244e+01 
1 1 4 4 3 3 4 2 4 1 3 1 4 1 1 3 4 2 4 0 2 3 3 2 2 4 3 3 2 1 1 1 
1.316112e+03 
2.718244e+01 
1 1 4 4 3 3 4 2 4 1 3 1 4 1 1 3 4 2 4 0 2 3 3 2 2 4 3 3 2 1 1 1 
1.316112e+03 
2.718244e+01 
1 1 4 4 3 3 4 2 4 1 3 1 4 1 1 3 4 2 4 0 2 3 3 2 2 4 3 3 2 1 1 1 
8.369181e+02 
2.672973e+01 
1 1 4 4 3 3 4 2 4 1 3 1 4 1 1 3 4 2 4 0 2 3 3 2 2 4 3 3 2 1 1 1 
1.316112e+03 
2.718244e+01 
1 1 4 2 3 3 4 2 4 1 3 1 4 1 1 3 3 2 4 0 2 3 3 2 2 4 3 3 2 1 1 1 
1.316112e+03 
2.718244e+01 
1 1 4 2 3 3 4 2 4 1 3 1 4 1 1 3 3 2 4 0 2 3 3 2 2 4 3 3 2 1 1 1 
1.316112e+03 
2.718244e+01 
1 1 4 2 3 3 4 2 4 1 3 1 4 1 1 3 4 2 4 0 2 3 3 2 2 4 3 3 2 1 1 1 
1.316112e+03 
2.718244e+01 
1 1 4 2 3 3 4 2 4 1 3 1 4 1 1 3 3 2 4 0 2 3 3 2 2 4 3 3 2 1 1 1 
1.316112e+03 
2.718244e+01 
1 1 4 2 3 3 4 2 4 1 3 1 4 1 1 3 4 2 4 0 2 3 3 2 2 4 3 3 2 1 1 1 
1.316112e+03 
2.718244e+01 
1 1 4 2 3 3 4 2 4 1 3 4 4 1 1 3 4 2 4 0 2 3 3 2 2 4 3 3 2 1 1 1 
1.316112e+03 
2.718244e+01 
1 1 4 2 3 3 4 2 4 1 3 1 4 1 1 3 4 2 4 0 2 3 3 2 2 4 3 3 2 1 1 1 
9.784542e+02 
2.688597e+01 
1 1 4 2 3 3 4 2 4 1 3 1 4 1 1 3 4 2 4 0 2 3 3 2 2 4 3 3 2 1 1 1 
1.316112e+03 
2.718244e+01 
1 1 4 2 3 3 4 2 4 1 3 1 4 1 1 3 4 2 4 0 2 3 3 2 2 4 3 3 2 1 1 1 
8.981023e+02 
2.680028e+01 
1 1 4 2 3 3 4 2 4 1 3 1 4 1 1 3 4 2 4 0 2 3 3 2 2 4 3 3 2 1 1 1 
1.121367e+03 
2.702230e+01 
1 1 4 2 3 3 4 2 4 1 3 1 4 1 1 3 4 2 4 0 2 3 3 2 3 4 3 3 2 1 1 1 
1.316112e+03 
2.718244e+01 
1 1 4 2 3 3 4 2 1 2 3 1 4 1 1 3 4 3 4 3 2 3 3 2 2 4 3 3 2 1 1 1 
1.232447e+03 
2.711676e+01 
1 1 4 2 3 3 3 2 4 1 3 1 4 1 1 3 4 2 4 0 2 3 3 2 2 4 3 3 2 1 1 1 
1.232447e+03 
2.711676e+01 
1 1 4 2 3 3 4 2 4 1 3 1 4 1 1 3 4 2 4 0 2 3 3 2 2 4 3 3 2 1 4 1 
8.426564e+02 
2.673656e+01 
1 1 4 2 3 3 4 2 4 1 3 1 4 1 1 3 4 2 4 0 2 3 3 2 3 4 3 3 2 1 1 1 
9.259774e+02 
2.683085e+01 
1 1 0 2 3 3 4 2 4 1 3 1 4 1 1 3 4 3 4 3 2 3 3 2 2 4 3 3 2 1 1 1 
4.374329e+02 
2.608092e+01 
1 1 4 2 3 3 4 2 4 1 3 1 4 1 1 3 4 2 4 0 2 3 3 2 2 4 3 3 2 1 1 1 
6.514401e+02 
2.647919e+01 
1 1 4 2 3 3 4 2 4 1 3 1 4 1 1 3 4 3 4 3 2 3 3 2 3 4 3 3 2 1 1 1 
6.844612e+02 
2.652863e+01 
1 1 4 2 3 3 4 2 4 1 3 1 4 1 1 3 4 2 4 0 2 3 3 2 2 4 3 3 2 1 1 1 
7.526899e+02 
2.662365e+01 
1 1 4 2 3 3 4 2 4 1 3 1 4 1 1 2 3 2 4 1 2 3 3 2 2 4 3 3 2 1 1 1 
1.316112e+03 
2.718244e+01 
1 1 4 2 3 3 4 2 4 1 3 1 4 1 1 2 4 2 4 1 2 3 3 2 2 4 3 3 2 1 1 1 
1.316112e+03 
2.718244e+01 
1 1 4 2 3 3 4 2 4 1 3 1 4 1 1 2 4 2 4 1 2 3 3 2 2 4 3 3 2 1 1 1 
1.316112e+03 
2.718244e+01 
1 1 4 2 3 3 4 2 4 1 3 1 4 1 1 2 4 2 4 1 2 3 3 2 2 4 3 3 2 1 1 1 
1.316112e+03 
2.718244e+01 
1 1 4 2 3 3 4 2 4 1 3 1 4 1 1 2 4 2 4 1 2 3 3 2 2 4 3 3 2 1 1 1 
1.316112e+03 
2.718244e+01 
1 1 4 2 3 3 4 4 4 1 3 1 4 1 1 3 4 2 4 1 2 3 3 2 2 4 3 3 2 1 1 1 
1.316112e+03 
2.718244e+01 
1 2 4 2 3 3 4 2 4 1 3 1 4 1 1 2 4 2 4 1 2 3 3 2 2 4 3 3 2 1 0 1 
1.316112e+03 
2.718244e+01 
1 1 4 1 3 3 4 2 4 1 3 1 1 3 1 3 4 2 4 3 2 3 4 2 2 4 3 3 2 1 1 1 
1.332762e+03 
2.719501e+01 
1 1 4 1 1 3 4 2 4 1 3 1 1 3 1 3 4 2 4 3 2 3 4 2 2 4 3 3 2 1 1 1 
1.332762e+03 
2.719501e+01 
1 1 4 1 3 3 4 2 4 1 3 1 1 1 1 3 4 2 4 3 2 3 3 2 2 4 3 3 2 1 1 1 
8.899705e+02 
2.679119e+01 
1 1 4 2 3 3 4 2 4 1 3 0 4 1 1 3 4 2 4 0 2 3 4 2 4 4 3 3 2 1 1 1 
1.232447e+03 
2.711676e+01 
1 1 4 2 3 3 4 2 4 1 3 1 4 1 1 3 4 2 4 0 2 3 3 2 2 4 3 3 2 1 1 1 
1.232447e+03 
2.711676e+01 
1 1 4 2 3 3 4 2 4 1 3 1 4 1 1 3 4 2 4 0 2 3 3 2 2 4 3 3 2 1 1 1 
1.051402e+03 
2.695788e+01 
1 1 4 2 3 3 4 2 4 1 3 1 4 1 1 3 4 2 4 0 2 3 3 2 2 4 3 3 2 1 1 1 
1.232447e+03 
2.711676e+01 
1 1 4 2 3 3 4 2 4 1 3 1 4 1 1 4 4 2 4 0 2 3 3 2 2 4 3 3 2 1 1 1 
8.576057e+02 
2.675414e+01 
1 1 4 2 3 3 4 2 4 1 3 1 4 1 1 3 4 2 4 4 2 3 3 2 2 4 3 3 2 1 1 1 
1.332762e+03 
2.719501e+01 
1 1 4 2 3 3 4 2 4 1 3 1 4 1 1 3 4 2 4 0 2 3 3 2 2 4 3 3 2 1 1 1 
1.050785e+03 
2.695729e+01 
1 1 4 2 3 3 4 2 4 1 3 1 4 1 1 2 4 2 4 4 2 3 3 2 2 4 3 3 2 1 1 1 
1.332762e+03 
2.719501e+01 
1 1 4 2 3 3 4 2 4 1 3 1 4 1 1 3 4 2 4 4 2 3 3 2 2 4 3 3 2 1 1 1 
1.332762e+03 
2.719501e+01 
1 1 4 2 3 4 4 2 4 1 3 1 4 1 1 2 4 2 4 4 2 3 3 2 2 4 3 3 2 1 1 1 
1.332762e+03 
2.719501e+01 
1 1 4 2 3 4 4 2 4 1 3 1 4 1 1 2 4 2 4 4 2 3 3 2 2 4 3 3 2 1 1 1 
1.332762e+03 
2.719501e+01 
1 1 4 2 3 3 4 2 4 1 3 1 4 1 1 2 4 2 4 4 2 3 3 2 2 4 3 3 2 1 1 1 
1.332762e+03 
2.719501e+01 
1 1 4 2 3 3 4 2 4 1 3 1 4 1 1 3 4 2 4 4 2 3 3 2 2 4 3 3 2 1 1 1 
7.637077e+02 
2.663819e+01 
1 1 4 2 3 3 4 2 4 1 3 1 4 1 1 3 4 2 4 4 2 3 3 2 2 4 3 3 2 1 1 1 
1.332762e+03 
2.719501e+01 
1 1 4 2 3 3 4 2 4 1 0 1 4 1 3 3 4 2 4 4 2 3 3 2 2 4 3 3 2 1 1 1 
1.332762e+03 
2.719501e+01 
1 1 4 2 3 3 4 2 4 1 3 1 4 1 1 3 4 2 4 4 2 3 3 2 2 4 3 3 2 1 1 1 
1.332762e+03 
2.719501e+01 
1 1 4 2 3 3 4 2 4 1 3 1 4 1 1 3 4 2 4 4 2 3 3 2 2 4 3 3 2 1 1 1 
1.332762e+03 
2.719501e+01 
1 1 4 2 3 3 4 2 4 1 3 1 4 1 1 3 4 2 4 4 2 3 3 2 2 4 3 3 2 1 1 1 
7.738118e+02 
2.665133e+01 
1 1 4 2 3 3 4 2 4 1 3 1 4 1 1 3 4 3 4 4 2 3 3 2 2 4 3 3 2 1 1 1 
1.332762e+03 
2.719501e+01 
1 1 4 2 3 3 4 2 4 1 3 1 4 1 1 3 4 2 4 4 2 3 3 2 2 4 3 3 2 1 1 1 
9.578325e+02 
2.686467e+01 
1 1 4 2 3 3 4 2 4 1 4 1 4 1 1 3 4 2 4 4 2 3 3 2 2 4 3 3 2 1 1 1 
9.948646e+02 
2.690261e+01 
1 1 4 2 3 3 4 2 4 1 3 1 4 1 1 3 4 2 4 4 2 3 3 2 2 4 3 3 2 1 1 1 
1.041945e+03 
2.694884e+01 
1 1 4 2 3 3 4 2 4 1 3 1 4 1 1 3 4 2 4 4 2 3 3 2 2 4 3 3 2 1 1 1 
8.376653e+02 
2.673062e+01 
1 1 4 2 3 3 4 2 4 1 3 1 4 1 3 3 4 2 4 0 2 3 3 1 2 4 3 3 2 1 1 1 
8.376653e+02 
2.673062e+01 
1 1 4 2 3 3 4 2 4 1 3 1 4 1 1 3 4 2 4 4 2 3 3 2 2 4 3 3 2 1 1 1 
6.717950e+02 
2.650995e+01 
1 1 4 2 3 3 4 2 4 1 3 1 4 1 3 3 2 2 4 0 2 3 3 2 2 4 3 3 2 1 1 1 
1.222439e+03 
2.710860e+01 
1 2 4 2 3 3 4 2 4 1 3 1 4 1 1 2 4 2 4 0 2 3 3 2 2 4 3 3 2 1 1 1 
1.222439e+03 
2.710860e+01 
1 2 4 2 3 3 4 2 4 1 3 1 4 1 1 2 4 2 4 0 2 4 3 2 2 4 3 3 4 0 1 1 
1.222439e+03 
2.710860e+01 
1 1 4 2 3 3 4 2 4 1 3 1 4 1 1 2 4 2 4 0 2 3 3 2 2 4 3 3 2 1 1 1 
1.316112e+03 
2.718244e+01 
1 1 4 2 3 3 4 2 4 1 3 1 4 1 1 2 4 2 4 0 2 3 3 2 2 4 3 3 2 1 1 1 
7.883336e+02 
2.666992e+01 
1 1 4 2 4 3 4 2 4 1 3 1 4 1 1 2 4 2 4 0 2 3 3 2 2 4 3 3 2 1 1 1 
1.316112e+03 
2.718244e+01 
1 1 4 2 3 3 4 2 4 1 3 1 4 1 1 3 4 2 4 0 2 3 3 2 2 4 3 3 2 1 1 1 
1.316112e+03 
2.718244e+01 
1 1 4 2 3 3 4 2 4 1 3 1 4 1 1 2 4 2 4 0 2 3 3 2 2 4 3 3 2 1 1 1 
1.082368e+03 
2.698691e+01 
1 1 4 2 3 3 4 2 4 1 2 1 4 1 1 3 4 2 4 0 2 3 3 2 2 4 3 3 2 1 1 1 
9.623801e+02 
2.686941e+01 
1 1 4 2 3 3 4 2 4 1 2 1 4 1 1 3 4 2 4 0 2 3 3 2 2 4 3 3 2 1 1 1 
1.316112e+03 
2.718244e+01 
1 1 4 2 3 3 4 2 4 1 3 1 4 1 1 3 4 2 4 0 2 3 3 2 2 4 3 3 2 1 1 1 
1.316112e+03 
2.718244e+01 
1 1 4 2 3 3 4 2 4 1 3 1 4 1 1 3 4 2 4 0 2 3 3 2 2 4 3 3 2 1 1 1 
9.623801e+02 
2.686941e+01 
1 1 4 2 3 3 4 2 4 1 1 1 4 1 1 3 4 2 4 0 2 3 1 2 2 4 3 3 2 1 1 1 
1.316112e+03 
2.718244e+01 
1 1 4 2 3 3 4 2 4 1 3 1 4 1 1 3 4 2 4 0 2 3 3 2 2 4 3 3 2 1 1 4 
1.316112e+03 
2.718244e+01 
1 1 4 2 3 3 4 2 4 1 3 1 4 1 1 3 4 2 4 0 2 3 3 2 2 4 3 3 2 1 1 1 
1.255460e+03 
2.713526e+01 
1 1 4 2 3 3 4 2 4 0 3 1 4 1 1 3 4 2 4 0 2 3 3 2 2 4 3 3 2 1 1 1 
1.316112e+03 
2.718244e+01 
1 1 4 4 3 3 4 2 4 1 3 1 4 1 1 3 4 2 4 0 2 3 3 2 2 4 3 3 2 1 1 1 
1.316112e+03 
2.718244e+01 
1 1 4 4 3 3 4 2 4 1 3 1 4 1 1 3 4 2 4 0 2 3 1 2 2 4 3 3 2 1 1 1 
1.316112e+03 
2.718244e+01 
1 1 4 4 3 3 4 2 4 1 3 1 4 1 1 3 4 2 4 0 2 3 3 2 2 4 3 3 2 1 1 1 
1.316112e+03 
2.718244e+01 
1 1 4 2 3 3 4 2 4 1 3 1 4 1 1 3 4 2 4 0 2 3 3 2 2 4 3 3 2 1 1 1 
7.734251e+02 
2.665083e+01 
1 1 4 2 3 3 4 2 4 1 3 1 4 1 1 3 4 2 4 0 2 3 3 2 2 4 3 3 2 1 1 1 
1.316112e+03 
2.718244e+01 
1 1 4 4 4 3 4 2 4 1 3 1 4 1 1 3 4 2 4 0 2 3 3 2 2 4 3 3 2 1 1 1 
1.316112e+03 
2.718244e+01 
1 1 4 2 3 3 4 2 4 1 3 1 4 1 1 3 4 2 4 0 2 3 3 2 2 4 3 3 2 1 1 1 
9.262502e+02 
2.683114e+01 
1 1 4 2 3 3 4 2 4 1 3 1 4 1 1 3 4 2 4 0 2 3 3 2 2 4 3 3 2 1 1 1 
1.316112e+03 
2.718244e+01 
1 1 4 2 3 3 4 2 4 1 3 1 4 1 1 3 4 2 4 0 2 3 3 2 2 4 3 3 2 1 1 1 
1.316112e+03 
2.718244e+01 
1 1 4 2 3 3 4 2 4 1 3 1 4 1 1 3 4 2 4 0 2 3 3 2 2 4 3 3 2 1 1 1 
1.316112e+03 
2.718244e+01 
1 1 4 2 3 3 4 2 4 1 3 1 4 1 1 3 4 2 4 0 2 3 3 2 2 4 3 3 2 1 1 1 
1.156646e+03 
2.705328e+01 
1 1 4 2 3 3 4 2 4 1 3 1 4 1 1 3 2 2 4 0 2 3 3 2 2 4 3 3 2 1 1 1 
1.316112e+03 
2.718244e+01 
1 1 4 2 3 3 4 2 4 1 3 1 4 1 1 3 4 2 4 0 2 3 3 2 2 4 3 3 2 4 1 1 
1.316112e+03 
2.718244e+01 
1 1 4 2 3 3 4 2 4 1 3 1 4 1 1 3 4 2 4 0 2 3 3 2 2 4 3 3 2 1 1 1 
1.075249e+03 
2.698031e+01 
