1 1 4 1 3 3 4 1 1 1 3 1 4 1 1 3 1 2 1 2 2 3 3 2 1 4 4 3 2 1 1 1 
1.296880e+03 
2.716772e+01 
1 1 4 1 3 1 4 1 1 1 3 1 4 1 1 3 1 2 1 2 2 3 3 2 2 4 4 3 2 1 1 1 
8.807396e+02 
2.678076e+01 
1 1 4 1 3 3 4 1 1 1 3 1 4 1 1 3 1 2 1 2 2 3 3 2 1 4 4 3 2 1 1 1 
8.807396e+02 
2.678076e+01 
1 1 4 1 3 3 4 1 1 1 3 1 4 1 1 3 1 2 1 2 2 3 2 2 2 4 4 3 2 1 1 1 
8.807396e+02 
2.678076e+01 
1 1 4 1 3 3 4 1 1 1 3 1 4 1 1 3 1 2 1 2 2 3 2 2 2 4 4 3 2 1 1 1 
1.072924e+03 
2.697814e+01 
1 1 4 1 3 3 4 1 1 1 3 1 4 1 1 3 1 2 1 2 2 3 2 2 2 4 2 3 2 1 1 1 
1.072924e+03 
2.697814e+01 
1 1 4 1 3 3 4 1 0 1 3 1 4 1 1 3 1 2 1 2 2 3 3 2 2 4 4 3 2 1 1 1 
1.296880e+03 
2.716772e+01 
1 1 4 1 3 3 4 1 1 1 3 1 4 1 1 3 1 2 1 2 2 3 3 2 2 4 4 3 2 1 1 1 
1.296880e+03 
2.716772e+01 
1 1 4 1 3 3 4 1 1 1 0 1 4 1 1 3 1 2 1 2 2 3 3 2 2 3 4 3 2 1 1 1 
7.389237e+02 
2.660519e+01 
1 1 4 1 3 3 4 1 3 1 3 1 4 1 1 3 1 2 1 2 2 3 3 2 2 3 4 3 2 1 1 1 
1.296880e+03 
2.716772e+01 
1 1 4 1 3 3 4 1 1 1 0 1 4 1 1 3 1 2 1 2 2 3 3 2 2 3 4 3 2 1 1 1 
1.070507e+03 
2.697589e+01 
1 1 4 1 3 3 4 1 1 1 0 1 4 1 1 3 1 2 1 2 2 3 3 2 2 4 4 3 2 1 1 1 
6.246105e+02 
2.643713e+01 
1 1 4 1 3 3 4 1 1 1 3 1 4 1 1 3 1 2 3 2 2 3 3 2 2 3 4 3 2 1 1 1 
5.511917e+02 
2.631208e+01 
1 1 4 1 3 3 4 1 1 1 3 1 4 1 1 3 1 2 1 2 2 3 3 2 2 3 4 3 2 1 1 1 
9.440750e+02 
2.685021e+01 
1 1 4 1 3 3 4 1 1 1 3 1 4 1 1 3 1 2 1 2 2 3 3 2 2 4 4 3 2 1 1 1 
1.054376e+03 
2.696070e+01 
1 1 4 1 3 3 4 1 1 1 3 1 4 1 1 3 1 2 1 2 2 3 3 2 2 4 4 3 2 1 1 1 
1.070507e+03 
2.697589e+01 
1 1 4 1 3 3 4 1 1 1 3 1 4 1 1 3 1 2 1 2 2 3 3 2 2 4 4 3 2 1 1 1 
1.296880e+03 
2.716772e+01 
1 1 4 1 3 3 4 1 1 1 3 1 4 1 1 3 1 2 1 2 2 3 3 2 2 4 4 3 2 1 1 1 
1.296880e+03 
2.716772e+01 
1 1 4 1 3 3 4 1 1 1 3 1 4 1 1 3 1 2 1 2 2 3 3 2 2 4 4 2 2 1 1 1 
1.296880e+03 
2.716772e+01 
1 1 4 1 3 3 4 1 1 1 3 1 4 1 1 3 1 2 1 2 2 3 3 2 2 4 4 3 2 1 1 1 
1.296880e+03 
2.716772e+01 
1 1 4 1 3 3 4 1 1 1 3 1 4 1 1 3 1 2 1 2 2 3 3 2 2 4 4 3 2 1 1 1 
9.990495e+02 
2.690680e+01 
1 1 4 1 3 3 4 1 1 1 3 1 4 1 1 3 1 2 1 2 2 3 3 2 2 4 4 3 2 1 1 1 
1.296880e+03 
2.716772e+01 
1 1 4 2 3 3 4 1 1 1 3 1 4 1 1 3 1 2 1 2 2 3 3 2 2 4 4 3 2 1 1 1 
1.296880e+03 
2.716772e+01 
1 1 4 2 3 3 4 1 1 1 3 1 4 1 1 3 1 2 1 2 2 3 3 2 2 4 4 3 2 1 1 1 
1.296880e+03 
2.716772e+01 
1 1 4 2 3 3 4 1 1 1 3 1 4 1 1 3 1 2 1 2 2 3 3 2 2 4 4 3 2 1 1 1 
1.296880e+03 
2.716772e+01 
1 1 4 2 3 3 4 1 1 1 3 1 4 1 1 3 1 2 1 2 2 3 3 2 2 4 4 3 2 1 1 1 
1.296880e+03 
2.716772e+01 
1 1 4 2 3 3 4 1 1 1 3 1 4 1 1 3 1 2 1 2 2 3 3 2 2 4 4 3 2 1 1 1 
1.296880e+03 
2.716772e+01 
1 1 4 2 3 3 4 1 1 1 3 1 4 1 1 3 1 2 1 2 2 3 3 2 2 4 4 3 2 1 1 1 
1.296880e+03 
2.716772e+01 
1 1 4 2 3 3 4 1 1 1 3 1 4 1 1 3 1 2 1 2 2 3 3 2 2 4 4 3 2 1 1 1 
1.296880e+03 
2.716772e+01 
1 1 4 2 3 3 4 1 1 1 3 1 4 1 1 3 1 2 1 2 2 3 3 2 2 4 4 3 2 1 1 1 
1.296880e+03 
2.716772e+01 
1 1 4 2 4 3 4 1 1 1 3 1 4 1 1 3 1 0 1 2 2 3 3 2 2 4 4 3 2 1 1 1 
1.296880e+03 
2.716772e+01 
1 1 4 2 3 3 4 1 1 1 3 1 4 1 1 3 1 0 1 2 2 3 3 2 2 4 4 3 2 1 1 1 
1.296880e+03 
2.716772e+01 
1 1 4 2 3 3 4 1 1 1 3 1 4 1 1 3 1 0 1 2 2 3 3 2 2 4 4 3 2 1 1 1 
1.296880e+03 
2.716772e+01 
1 1 4 2 3 3 4 1 1 1 3 1 4 1 1 3 1 2 1 2 2 3 3 2 2 4 4 3 2 1 1 1 
9.826252e+02 
2.689023e+01 
1 1 4 2 3 3 4 1 1 1 3 1 4 1 1 3 1 2 1 2 2 3 3 2 2 4 4 3 2 1 1 1 
6.604857e+02 
2.649298e+01 
1 1 4 2 3 3 4 1 1 1 3 1 4 1 1 3 1 2 1 2 2 3 3 2 2 4 4 3 2 1 1 1 
9.826252e+02 
2.689023e+01 
1 1 4 2 3 3 4 1 1 1 3 1 4 1 1 3 1 2 1 2 2 3 3 2 2 4 4 3 2 1 1 1 
9.826252e+02 
2.689023e+01 
1 1 4 2 3 3 4 1 1 1 3 1 4 1 1 3 1 2 1 2 2 3 3 2 2 4 4 3 2 1 1 1 
9.826252e+02 
2.689023e+01 
1 1 4 2 3 3 4 1 1 1 3 1 4 1 1 3 1 2 1 2 2 3 3 2 2 4 4 3 2 1 1 1 
1.296880e+03 
2.716772e+01 
1 1 4 2 3 3 4 1 1 1 3 1 4 1 1 3 1 2 1 2 2 3 3 2 2 4 4 3 2 1 1 1 
1.296880e+03 
2.716772e+01 
1 1 4 2 3 3 4 1 1 1 3 1 4 1 1 3 1 2 1 2 2 3 3 2 2 4 4 3 2 1 1 1 
1.296880e+03 
2.716772e+01 
1 1 4 2 3 3 4 1 1 1 3 1 4 1 1 3 1 2 1 2 2 3 3 2 2 4 4 3 2 1 1 1 
1.015875e+03 
2.692351e+01 
1 1 4 1 3 3 4 3 1 1 3 1 4 1 1 3 1 2 1 2 2 3 3 2 2 4 4 3 2 1 1 1 
1.015875e+03 
2.692351e+01 
1 1 4 1 3 3 4 3 1 1 3 1 4 1 1 3 1 2 1 2 2 3 3 2 2 4 4 3 2 1 1 1 
1.015875e+03 
2.692351e+01 
3 1 4 1 3 3 4 1 1 1 3 1 4 1 1 3 1 2 1 2 2 3 3 2 2 4 4 3 2 1 3 1 
7.672002e+02 
2.664275e+01 
3 1 4 1 3 3 4 1 1 1 3 1 4 1 1 3 1 2 1 2 2 3 3 2 2 4 4 3 2 1 3 1 
1.282453e+03 
2.715653e+01 
1 1 4 0 3 3 4 1 1 1 3 1 4 1 1 3 1 2 1 2 2 3 3 2 2 4 4 3 3 1 1 1 
9.029814e+02 
2.680570e+01 
1 1 4 0 3 3 1 1 1 1 3 1 4 1 1 3 1 2 1 2 2 3 3 2 2 4 4 3 3 1 1 1 
7.656903e+02 
2.664078e+01 
1 1 4 0 3 3 4 1 1 1 3 1 4 1 1 3 1 2 1 2 2 3 3 2 2 4 4 3 3 1 1 1 
9.029814e+02 
2.680570e+01 
1 1 4 1 3 3 4 1 1 1 3 1 4 1 1 3 1 2 1 2 2 3 3 2 2 4 4 3 2 1 1 1 
1.296880e+03 
2.716772e+01 
1 1 4 0 3 3 4 1 1 1 3 1 4 1 1 3 1 2 1 2 2 3 3 2 2 4 4 3 2 1 1 1 
1.008614e+03 
2.691633e+01 
1 1 4 0 3 3 4 1 1 1 3 1 4 1 1 3 1 2 1 2 2 3 3 2 4 4 4 3 2 1 1 1 
9.033453e+02 
2.680610e+01 
1 1 4 0 3 3 4 1 1 1 3 1 4 1 1 3 1 2 1 2 2 3 3 2 2 4 4 3 2 1 1 1 
1.282453e+03 
2.715653e+01 
2 1 4 1 3 3 4 1 1 1 3 1 4 1 1 3 1 2 1 2 2 3 3 2 2 4 4 3 2 1 1 1 
1.174043e+03 
2.706821e+01 
2 1 4 1 3 3 4 1 1 1 3 1 4 1 1 0 1 2 1 2 2 3 3 2 2 4 4 3 2 1 1 1 
1.174043e+03 
2.706821e+01 
1 1 4 1 3 3 4 1 1 1 3 1 4 1 1 3 1 2 1 2 2 3 3 2 2 4 4 3 2 1 1 1 
1.174043e+03 
2.706821e+01 
1 1 4 1 3 3 4 1 1 1 3 1 4 1 1 3 1 2 1 2 2 3 3 2 2 4 4 3 2 1 1 1 
1.174043e+03 
2.706821e+01 
3 1 4 1 3 3 4 1 1 1 3 1 4 1 1 3 1 2 1 2 2 3 3 2 2 4 4 3 2 1 1 1 
1.296880e+03 
2.716772e+01 
1 1 4 4 3 3 4 1 1 1 3 1 4 1 1 3 1 2 1 2 2 3 3 2 2 4 4 3 2 1 1 1 
7.147430e+02 
2.657192e+01 
1 1 4 4 3 3 4 1 1 1 3 1 4 1 1 3 1 2 1 2 2 3 3 3 2 4 4 3 2 1 1 1 
1.296880e+03 
2.716772e+01 
1 1 4 1 3 3 4 1 1 1 3 1 4 1 1 3 1 2 1 2 2 3 3 2 2 4 4 3 2 1 1 1 
1.296880e+03 
2.716772e+01 
1 1 4 1 3 3 4 1 1 1 3 1 4 1 1 3 1 2 1 2 2 3 3 2 2 4 4 3 2 1 1 1 
1.097719e+03 
2.700099e+01 
1 1 4 1 3 3 4 1 1 1 3 1 4 1 1 3 1 2 1 2 2 3 3 2 2 4 4 3 2 1 1 1 
1.296880e+03 
2.716772e+01 
1 1 4 1 3 3 4 1 1 1 3 1 4 1 1 3 1 2 1 2 2 3 3 2 2 4 4 3 2 1 1 1 
1.296880e+03 
2.716772e+01 
1 1 4 1 3 1 4 1 1 1 3 1 4 1 1 3 1 2 1 2 2 3 3 2 2 4 4 3 2 1 1 1 
1.296880e+03 
2.716772e+01 
1 1 4 1 3 1 4 1 1 1 3 1 4 1 1 3 1 2 1 2 2 3 3 2 2 4 4 3 2 1 1 1 
1.296880e+03 
2.716772e+01 
1 1 4 1 3 1 4 1 1 1 3 1 4 1 1 3 1 2 1 2 2 3 3 2 2 4 4 3 2 1 1 1 
9.033453e+02 
2.680610e+01 
1 1 4 1 3 3 4 4 1 1 3 1 4 1 1 3 1 2 1 2 2 3 3 2 2 4 4 3 2 1 1 1 
1.296880e+03 
2.716772e+01 
1 1 4 1 3 3 4 4 1 1 3 1 4 1 1 3 1 2 1 2 2 3 3 2 2 4 4 3 2 1 1 1 
9.670613e+02 
2.687426e+01 
1 1 4 1 3 3 4 4 1 1 3 1 4 1 1 3 1 2 1 2 2 3 3 2 2 4 4 3 2 1 1 1 
1.296880e+03 
2.716772e+01 
1 1 3 1 3 3 4 0 1 1 3 1 4 1 1 3 1 2 1 2 2 3 3 2 2 4 4 3 2 1 1 1 
8.469261e+02 
2.674161e+01 
1 1 4 1 2 3 4 1 1 1 3 1 4 1 1 3 1 2 1 2 2 3 3 2 2 4 4 3 2 1 1 1 
8.713125e+02 
2.677000e+01 
1 1 4 1 3 3 4 1 1 1 3 1 4 1 1 3 1 2 1 2 2 3 3 2 2 4 4 3 2 1 1 1 
1.296880e+03 
2.716772e+01 
1 1 4 1 3 3 4 1 1 1 3 1 4 1 1 3 1 2 1 2 2 3 3 2 2 4 4 3 2 1 1 1 
1.296880e+03 
2.716772e+01 
1 1 4 1 3 3 4 1 1 1 3 1 4 1 1 3 1 2 1 2 2 3 3 2 2 4 4 3 2 1 1 1 
7.172172e+02 
2.657538e+01 
1 1 4 1 3 3 4 1 1 1 3 1 4 1 1 3 1 2 1 2 2 3 4 2 2 4 4 3 2 1 1 1 
9.148870e+02 
2.681880e+01 
1 1 4 1 3 3 4 1 1 1 3 1 4 1 1 3 1 2 1 2 2 3 3 2 2 4 4 3 2 1 1 1 
1.064957e+03 
2.697069e+01 
1 1 4 1 3 3 4 1 1 1 2 1 4 1 1 3 1 2 1 2 2 3 3 2 2 4 4 3 2 1 1 1 
1.296880e+03 
2.716772e+01 
1 1 4 1 3 3 4 1 1 1 2 1 4 1 1 3 1 2 1 2 2 3 3 2 2 4 4 3 2 1 1 1 
1.296880e+03 
2.716772e+01 
1 1 4 1 3 3 4 1 1 1 3 1 4 1 1 3 1 2 1 2 2 3 3 2 2 4 4 3 2 1 1 1 
9.219436e+02 
2.682648e+01 
1 1 4 1 3 3 4 1 1 2 3 1 4 1 1 3 1 2 1 2 2 0 3 2 2 4 4 3 2 1 1 1 
1.296880e+03 
2.716772e+01 
1 1 4 1 3 3 4 1 1 1 3 1 4 1 1 3 1 2 1 2 2 0 3 2 2 4 4 3 2 1 1 1 
1.158097e+03 
2.705453e+01 
1 1 4 1 3 3 4 1 1 1 3 1 4 1 1 3 1 2 1 2 2 3 3 2 2 4 4 3 2 1 1 1 
1.296880e+03 
2.716772e+01 
1 1 4 1 3 3 4 1 1 1 3 1 4 1 1 3 1 2 1 2 2 3 3 2 2 4 0 3 2 1 1 1 
1.008614e+03 
2.691633e+01 
1 1 4 1 3 3 4 1 1 1 3 1 4 1 1 3 1 2 1 2 2 3 3 2 2 4 4 3 2 1 1 1 
1.099503e+03 
2.700261e+01 
1 1 4 1 3 3 4 1 1 1 3 1 4 1 1 3 1 2 1 2 2 3 3 2 2 4 4 3 2 1 1 1 
1.099503e+03 
2.700261e+01 
1 1 4 1 3 3 4 1 1 1 3 1 4 1 1 3 1 2 1 2 2 3 3 2 2 4 4 3 2 1 1 1 
1.296880e+03 
2.716772e+01 
1 1 4 1 3 3 4 1 1 1 3 1 4 1 1 3 1 2 1 2 2 3 3 2 2 4 4 3 2 1 1 1 
1.296880e+03 
2.716772e+01 
1 1 4 1 3 3 4 1 1 1 3 1 3 1 1 3 1 2 1 2 2 3 3 2 2 4 4 3 2 1 1 1 
1.296880e+03 
2.716772e+01 
1 1 4 1 3 3 4 1 1 1 3 1 4 1 1 3 1 2 1 2 2 3 3 2 2 4 4 3 2 1 1 1 
1.296880e+03 
2.716772e+01 
1 1 4 1 3 3 4 1 1 1 3 1 4 1 1 3 1 2 1 2 2 3 3 2 2 4 4 3 2 1 1 1 
1.296880e+03 
2.716772e+01 
1 1 4 1 3 3 4 1 1 1 3 1 4 1 1 3 1 2 1 2 2 3 3 2 2 4 4 3 2 1 1 1 
1.296880e+03 
2.716772e+01 
1 1 4 1 3 3 4 1 1 1 3 1 4 1 1 3 1 2 1 2 2 3 3 2 2 4 4 3 2 1 1 1 
1.296880e+03 
2.716772e+01 
1 1 4 1 3 3 4 1 1 1 3 1 4 1 1 3 1 2 1 2 2 3 3 2 2 4 4 3 2 1 1 1 
1.296880e+03 
2.716772e+01 
1 1 4 1 3 3 4 1 1 1 3 1 4 1 1 3 1 2 1 4 2 3 3 2 2 4 4 3 2 1 1 1 
1.296880e+03 
2.716772e+01 
1 1 4 1 3 3 4 1 1 1 3 1 4 1 1 3 1 2 1 4 2 3 3 2 2 4 4 3 2 1 1 1 
1.296880e+03 
2.716772e+01 
1 1 4 1 3 3 4 1 1 1 3 1 4 1 1 3 1 2 1 4 2 3 3 2 2 4 4 3 2 1 1 1 
1.296880e+03 
2.716772e+01 
1 1 4 1 3 3 4 1 1 1 3 1 4 1 1 3 1 2 1 4 2 3 3 2 2 4 4 3 2 1 1 1 
8.188522e+02 
2.670790e+01 
1 1 4 1 3 3 4 1 1 1 3 1 4 1 1 3 1 2 1 4 2 3 3 2 2 4 4 3 2 1 1 1 
1.296880e+03 
2.716772e+01 
1 1 4 1 3 3 4 1 1 1 3 1 4 1 1 3 1 2 1 4 2 3 3 2 2 4 4 3 2 1 1 1 
1.296880e+03 
2.716772e+01 
