1 1 4 2 3 2 4 2 4 1 3 1 4 1 1 4 4 2 4 4 2 3 3 2 2 4 3 3 2 1 1 1 
8.620080e+02 
2.675926e+01 
1 1 4 2 3 2 4 2 4 1 3 1 4 1 1 3 4 2 4 4 2 3 3 2 2 4 3 3 2 1 1 2 
8.620080e+02 
2.675926e+01 
1 1 4 2 3 2 4 2 4 1 3 1 4 1 1 3 4 2 4 4 2 3 3 2 2 4 3 3 2 1 1 2 
7.273527e+02 
2.658941e+01 
1 1 4 2 3 2 4 2 4 1 3 1 4 1 1 3 4 2 4 4 2 3 3 2 2 4 3 3 2 1 1 1 
1.363078e+03 
2.721750e+01 
1 1 4 2 3 2 4 2 4 1 3 1 4 1 1 3 4 2 4 4 2 3 3 2 2 4 3 3 2 1 1 1 
1.223251e+03 
2.710927e+01 
1 1 4 2 3 2 4 2 4 1 3 1 4 1 1 3 4 2 4 4 2 3 3 2 2 4 3 3 2 1 1 1 
1.223251e+03 
2.710927e+01 
1 1 4 2 3 2 4 2 4 1 3 1 4 1 1 3 4 2 4 4 2 3 3 2 2 4 3 3 2 1 1 1 
1.363078e+03 
2.721750e+01 
1 1 4 2 3 2 4 2 4 1 3 1 4 1 1 3 4 2 4 4 2 3 3 2 2 4 3 3 2 1 1 1 
1.363078e+03 
2.721750e+01 
1 1 4 2 3 2 4 2 4 1 3 1 4 1 1 3 4 2 4 4 2 3 3 2 2 4 3 3 2 1 1 1 
1.363078e+03 
2.721750e+01 
1 1 4 2 3 2 4 2 4 1 3 1 4 1 1 3 4 2 4 4 2 3 3 2 2 4 3 3 2 1 1 1 
1.363078e+03 
2.721750e+01 
1 1 4 2 3 2 4 2 4 1 3 1 4 1 1 3 4 2 4 4 2 3 3 2 2 4 3 3 2 1 1 1 
1.363078e+03 
2.721750e+01 
1 1 4 2 3 2 4 2 4 1 3 1 4 1 1 3 4 2 4 4 2 3 3 2 2 4 3 3 2 1 1 1 
1.363078e+03 
2.721750e+01 
1 1 4 2 3 2 4 2 4 1 3 1 4 1 1 3 4 2 4 4 2 3 3 2 2 4 3 3 2 1 1 1 
1.363078e+03 
2.721750e+01 
1 1 4 2 3 2 4 2 4 1 3 1 4 1 1 3 4 2 4 4 2 3 3 2 2 4 3 3 2 1 1 1 
1.363078e+03 
2.721750e+01 
1 1 4 2 3 2 4 2 4 1 3 1 4 1 1 3 4 2 4 4 2 3 3 2 2 4 3 3 2 1 1 1 
1.363078e+03 
2.721750e+01 
1 1 4 2 3 2 4 2 4 1 3 1 4 1 1 3 4 2 4 4 2 3 3 2 2 4 3 3 2 1 1 1 
1.230137e+03 
2.711488e+01 
1 1 4 2 3 2 4 2 4 1 3 1 4 1 1 3 4 2 4 4 2 3 3 2 2 4 3 3 2 1 1 1 
1.363078e+03 
2.721750e+01 
1 1 4 2 3 2 4 2 4 1 3 1 4 1 1 3 4 2 4 4 2 3 3 2 2 4 3 3 2 1 1 1 
1.363078e+03 
2.721750e+01 
1 1 4 2 3 2 4 2 4 1 3 1 4 1 1 3 4 2 4 4 2 3 3 2 2 4 3 3 2 1 1 1 
8.713558e+02 
2.677005e+01 
1 1 4 2 3 2 4 2 4 1 3 1 4 1 1 3 4 2 4 4 2 3 3 2 2 4 3 3 2 1 1 1 
1.363078e+03 
2.721750e+01 
1 1 4 2 3 2 4 2 4 1 3 1 4 1 1 3 4 2 4 4 2 3 3 2 2 4 3 3 2 1 1 1 
1.363078e+03 
2.721750e+01 
1 1 4 2 3 2 4 2 4 1 3 1 4 1 1 3 4 2 4 4 2 3 3 2 2 4 3 3 2 1 1 1 
1.363078e+03 
2.721750e+01 
1 1 4 2 3 2 4 2 4 1 3 1 4 1 1 3 4 2 4 4 2 1 3 2 2 4 3 3 2 1 1 1 
1.363078e+03 
2.721750e+01 
3 1 4 2 3 2 4 2 4 1 3 1 4 1 1 3 4 2 4 4 2 3 3 2 2 4 3 3 2 1 1 1 
1.363078e+03 
2.721750e+01 
1 1 4 2 3 2 4 2 4 1 3 1 4 1 1 3 4 2 4 4 2 3 3 2 2 4 3 3 2 1 1 1 
1.363078e+03 
2.721750e+01 
1 1 4 2 3 2 4 2 4 1 3 1 4 1 1 3 4 2 4 4 2 3 3 2 2 4 3 3 2 1 1 1 
1.363078e+03 
2.721750e+01 
1 1 4 2 3 2 4 2 4 1 3 1 4 1 1 3 4 2 4 4 2 3 3 2 2 4 3 3 2 1 1 3 
1.363078e+03 
2.721750e+01 
1 1 4 2 3 2 4 2 4 1 3 1 4 1 1 3 4 2 4 4 2 3 3 2 2 4 3 3 2 1 1 1 
1.035099e+03 
2.694225e+01 
1 1 4 2 3 2 4 2 4 1 3 1 4 1 1 3 4 2 4 4 2 3 3 2 2 4 3 3 2 1 1 1 
6.962065e+02 
2.654565e+01 
1 1 4 2 3 2 4 2 4 1 3 1 4 1 1 3 4 2 4 4 2 3 3 2 2 4 3 3 2 1 1 1 
9.938269e+02 
2.690156e+01 
1 1 4 2 3 2 4 2 4 1 3 1 3 1 1 3 4 2 4 4 2 3 3 2 2 2 3 3 2 1 1 1 
1.363078e+03 
2.721750e+01 
1 1 4 2 3 2 4 2 4 1 3 1 4 1 1 3 4 2 4 4 2 3 3 2 2 4 3 3 2 1 1 1 
1.363078e+03 
2.721750e+01 
1 1 4 2 3 2 4 4 4 1 3 1 4 1 1 3 4 2 4 4 2 3 3 2 2 4 3 3 2 1 1 1 
1.363078e+03 
2.721750e+01 
1 1 4 2 3 2 4 2 4 1 3 1 4 1 1 3 4 2 4 4 2 3 3 2 2 4 3 3 2 1 1 1 
1.058069e+03 
2.696420e+01 
1 1 4 2 3 2 4 2 4 1 3 1 4 1 1 3 4 2 4 4 2 3 3 2 2 4 3 3 2 1 1 1 
1.058069e+03 
2.696420e+01 
1 1 4 1 3 2 4 2 4 1 3 1 4 1 1 3 4 2 4 4 2 3 3 2 2 4 3 3 2 1 1 1 
4.878751e+02 
2.619006e+01 
1 1 4 2 3 2 4 2 4 1 3 1 4 1 1 3 4 2 4 4 2 3 3 2 2 4 3 3 2 1 1 1 
1.000059e+03 
2.690781e+01 
1 1 4 2 3 2 4 2 4 1 3 1 4 1 1 3 4 2 4 4 2 3 3 2 2 4 3 3 2 1 1 1 
1.202477e+03 
2.709214e+01 
1 1 4 2 3 2 4 2 4 1 3 1 4 2 1 3 4 2 4 4 2 3 3 2 2 4 3 3 2 1 1 1 
9.729949e+02 
2.688038e+01 
1 1 4 3 3 2 4 2 4 1 3 1 4 1 1 3 4 2 4 4 2 3 3 2 2 4 3 3 2 1 1 1 
5.971845e+02 
2.639223e+01 
1 1 4 2 0 2 4 2 4 1 3 1 3 2 1 3 4 2 4 4 2 3 3 2 2 4 3 3 2 1 1 1 
1.363078e+03 
2.721750e+01 
1 1 4 2 3 2 4 2 4 1 3 1 4 1 1 3 4 2 4 4 2 3 3 2 2 4 3 2 2 1 1 1 
1.363078e+03 
2.721750e+01 
1 1 4 2 3 2 4 2 1 1 3 1 4 1 1 3 4 2 4 4 2 3 3 2 2 4 3 3 2 1 1 1 
1.363078e+03 
2.721750e+01 
1 1 4 2 3 2 4 2 1 1 3 1 4 1 1 3 4 2 4 4 2 3 3 2 2 4 3 3 2 1 1 1 
1.363078e+03 
2.721750e+01 
1 1 4 2 3 2 4 2 4 2 3 1 4 1 1 3 4 2 4 4 2 3 3 2 2 4 3 3 2 1 1 1 
1.244414e+03 
2.712642e+01 
1 1 4 2 3 2 4 2 4 1 3 1 4 1 1 3 4 2 4 4 2 3 3 2 2 4 3 2 2 1 1 1 
9.160448e+02 
2.682007e+01 
1 1 4 2 3 2 4 2 4 1 3 1 4 1 1 3 4 2 4 4 2 3 3 2 2 4 3 3 2 1 1 1 
9.160448e+02 
2.682007e+01 
1 1 4 2 3 2 4 2 4 1 3 1 4 1 1 3 4 2 4 4 2 3 3 2 2 4 3 3 2 1 1 1 
9.160448e+02 
2.682007e+01 
1 1 4 2 3 2 4 2 4 1 3 1 4 1 1 3 4 2 4 4 2 3 3 2 2 4 3 3 2 1 1 1 
1.363078e+03 
2.721750e+01 
1 1 4 2 3 2 4 2 4 1 3 1 4 1 1 3 4 2 4 4 2 3 3 2 2 4 3 3 2 1 1 1 
1.363078e+03 
2.721750e+01 
1 1 4 2 3 2 4 2 4 1 3 1 4 1 1 3 4 2 4 4 2 3 1 2 2 4 3 3 2 1 1 1 
1.363078e+03 
2.721750e+01 
1 1 4 2 3 2 4 2 4 1 3 1 4 1 1 3 4 2 4 4 2 3 3 2 2 4 3 3 2 1 1 1 
1.363078e+03 
2.721750e+01 
1 1 4 2 3 2 4 2 4 1 3 1 4 1 1 3 4 2 4 4 2 3 3 2 2 4 3 3 2 1 1 1 
1.363078e+03 
2.721750e+01 
1 1 4 2 3 2 4 2 4 1 3 1 4 1 1 3 4 2 4 4 2 3 3 2 2 4 3 3 2 1 1 1 
1.075247e+03 
2.698031e+01 
1 1 4 2 3 2 4 2 4 1 3 1 4 1 1 3 4 2 4 4 2 3 3 2 2 4 3 3 2 1 1 1 
1.363078e+03 
2.721750e+01 
1 1 4 2 3 2 4 2 4 1 3 1 4 1 1 3 4 2 4 4 2 3 3 2 2 4 3 3 2 1 1 1 
8.581332e+02 
2.675476e+01 
1 1 4 2 3 2 4 2 4 1 3 1 4 1 1 3 4 2 4 4 2 0 3 2 2 4 3 3 2 1 1 1 
8.581332e+02 
2.675476e+01 
1 1 4 2 3 2 4 2 4 1 3 1 4 1 1 3 4 2 4 4 2 3 3 2 2 4 3 3 2 1 1 1 
8.581332e+02 
2.675476e+01 
1 1 4 2 3 2 4 2 4 1 3 1 4 1 1 3 4 2 4 4 2 3 2 2 2 4 0 3 2 1 1 1 
1.363078e+03 
2.721750e+01 
1 1 4 2 3 2 4 2 4 1 3 1 4 1 1 3 4 2 4 4 2 0 3 2 2 4 3 3 2 1 1 1 
8.882519e+02 
2.678926e+01 
1 1 4 2 3 2 4 2 4 1 3 1 4 1 1 3 4 2 4 4 2 3 2 2 2 4 0 3 2 1 1 1 
1.363078e+03 
2.721750e+01 
1 1 4 2 3 2 4 2 4 1 3 1 4 1 1 3 4 2 4 4 2 3 3 2 2 4 3 3 2 1 1 1 
1.363078e+03 
2.721750e+01 
1 1 4 2 3 2 4 2 4 1 3 1 4 1 1 3 4 2 4 4 2 3 3 2 2 4 3 3 2 1 1 1 
1.363078e+03 
2.721750e+01 
1 1 4 2 3 2 4 2 4 1 3 1 4 1 1 3 4 2 4 4 2 3 3 2 2 4 3 3 2 1 1 1 
1.363078e+03 
2.721750e+01 
1 1 4 2 3 2 4 2 4 1 3 1 4 1 1 3 4 2 4 4 2 3 3 2 2 4 3 3 2 1 1 1 
1.363078e+03 
2.721750e+01 
1 1 4 2 3 2 4 2 4 1 3 1 4 1 1 3 4 2 4 4 2 3 3 2 2 4 3 3 2 1 1 1 
1.363078e+03 
2.721750e+01 
1 1 4 2 3 2 4 2 4 1 3 1 4 1 1 3 4 2 4 4 2 3 3 2 2 4 3 3 2 1 1 1 
1.363078e+03 
2.721750e+01 
1 1 4 2 3 2 4 2 4 1 3 1 4 1 1 3 4 2 4 4 2 3 3 2 2 4 3 3 2 1 1 1 
1.363078e+03 
2.721750e+01 
1 1 4 2 3 2 4 2 4 1 3 1 4 1 1 3 4 2 4 4 2 3 3 2 2 4 3 3 2 1 1 1 
1.363078e+03 
2.721750e+01 
1 1 4 2 3 2 4 2 4 1 3 1 4 1 1 3 4 2 4 4 2 3 3 2 2 4 3 3 2 1 1 1 
1.332762e+03 
2.719501e+01 
1 1 4 2 3 2 4 2 4 1 3 1 4 1 1 3 4 2 4 4 2 3 3 2 2 4 3 3 2 1 1 1 
1.332762e+03 
2.719501e+01 
1 1 4 2 3 2 4 2 4 1 3 1 4 1 1 3 4 2 4 4 2 3 3 2 2 4 3 3 2 1 1 1 
1.363078e+03 
2.721750e+01 
1 1 4 2 3 3 4 2 4 1 3 1 4 1 1 3 4 2 4 4 2 3 3 2 2 4 3 3 2 1 1 1 
1.363078e+03 
2.721750e+01 
1 1 4 2 3 3 4 2 4 1 3 1 4 1 1 3 4 2 4 4 2 3 3 2 2 4 3 3 2 1 1 1 
1.230137e+03 
2.711488e+01 
1 1 4 2 3 2 4 2 4 1 3 1 4 1 1 3 4 2 4 4 2 3 3 2 2 1 3 3 2 1 1 1 
1.230137e+03 
2.711488e+01 
1 1 4 2 3 2 4 2 4 1 3 1 4 1 1 3 4 2 4 4 2 3 3 2 2 4 3 3 2 1 1 1 
1.230137e+03 
2.711488e+01 
1 1 4 2 3 2 4 2 4 1 3 2 4 1 1 3 4 2 4 4 2 3 3 2 2 1 0 3 2 1 1 1 
1.077306e+03 
2.698222e+01 
1 1 4 2 3 2 4 2 4 1 3 1 4 1 1 3 4 2 4 4 2 3 3 2 2 1 3 3 2 1 1 1 
1.230137e+03 
2.711488e+01 
1 1 4 2 3 2 4 2 4 1 3 1 4 1 1 3 4 2 4 4 2 3 3 2 2 1 0 3 2 1 1 1 
1.345945e+03 
2.720485e+01 
1 1 4 2 3 2 4 2 4 1 3 4 4 1 1 3 4 2 4 4 2 3 3 2 2 1 0 3 2 1 1 1 
1.063192e+03 
2.696903e+01 
1 1 4 2 3 2 4 2 4 1 3 1 4 1 1 3 4 2 4 4 2 3 3 2 2 1 0 3 2 1 1 1 
1.333514e+03 
2.719557e+01 
1 1 4 2 3 2 4 2 4 1 3 1 4 1 1 3 4 2 4 4 2 3 3 2 2 1 3 3 2 1 1 1 
1.333514e+03 
2.719557e+01 
1 1 4 2 3 2 4 2 4 1 3 1 4 1 1 3 4 2 4 4 2 3 3 2 2 1 0 3 2 1 1 1 
1.171230e+03 
2.706581e+01 
1 1 4 0 3 2 4 2 4 1 3 1 4 1 1 3 4 2 4 0 2 3 3 2 2 4 3 3 2 1 1 1 
1.333514e+03 
2.719557e+01 
1 1 4 0 3 2 4 3 4 1 3 1 4 1 1 3 4 2 4 0 2 3 3 2 2 4 3 3 2 1 1 1 
1.333514e+03 
2.719557e+01 
1 1 4 0 3 2 4 2 4 1 3 1 4 1 1 3 4 2 4 4 2 3 3 2 2 1 0 3 2 1 1 1 
1.333514e+03 
2.719557e+01 
1 1 4 0 3 2 4 2 1 1 3 1 4 1 1 3 4 2 4 0 2 3 3 2 2 4 3 3 2 1 1 1 
1.268493e+03 
2.714558e+01 
1 1 4 0 3 2 4 2 1 1 3 1 4 1 1 3 4 2 4 0 2 3 3 2 2 4 3 3 2 1 1 1 
1.171230e+03 
2.706581e+01 
1 1 4 0 3 2 4 2 1 1 3 1 4 1 1 3 4 2 4 0 2 3 3 2 2 4 3 3 2 1 1 1 
1.171230e+03 
2.706581e+01 
1 1 4 0 3 2 4 2 1 1 3 1 4 1 1 3 4 2 4 0 2 3 3 2 2 4 4 3 2 1 1 1 
1.262697e+03 
2.714101e+01 
1 1 4 0 3 2 4 2 4 1 3 1 4 1 1 3 4 2 4 0 3 3 3 2 2 4 3 3 2 1 1 1 
1.184403e+03 
2.707699e+01 
1 1 4 0 3 2 4 2 4 1 3 3 4 1 1 3 4 2 4 1 2 3 3 2 2 4 3 3 2 1 1 1 
1.109118e+03 
2.701132e+01 
1 1 4 0 3 2 4 2 4 1 3 1 4 4 1 3 4 2 4 1 2 3 3 2 2 4 3 3 2 1 1 1 
1.333514e+03 
2.719557e+01 
1 1 4 0 3 2 4 2 4 1 3 1 4 1 1 3 4 2 4 1 2 3 3 2 2 4 3 3 2 1 1 1 
1.345945e+03 
2.720485e+01 
1 1 4 2 3 2 4 2 4 1 3 2 4 1 1 3 4 2 4 1 2 3 3 2 2 4 3 3 2 1 1 1 
1.345945e+03 
2.720485e+01 
1 1 4 2 3 2 4 2 4 1 3 2 4 1 1 3 4 2 4 1 2 3 3 2 2 4 3 3 2 1 1 1 
1.262659e+03 
2.714098e+01 
1 1 4 2 3 2 4 2 4 1 3 2 4 1 1 3 4 2 4 1 2 3 3 2 2 4 3 3 2 1 1 1 
1.282443e+03 
2.715652e+01 
1 1 4 2 3 2 4 2 4 1 3 2 4 1 1 3 4 2 4 1 2 4 3 2 2 4 3 3 2 1 1 1 
1.282443e+03 
2.715652e+01 
1 1 4 2 3 2 4 2 4 1 3 2 4 1 1 3 4 2 4 1 2 3 3 2 2 4 3 3 2 1 1 1 
1.282443e+03 
2.715652e+01 
1 1 4 2 3 2 4 2 4 1 3 2 4 1 1 3 4 2 4 1 2 3 3 2 2 4 3 3 2 1 1 1 
1.282443e+03 
2.715652e+01 
