1 1 4 4 3 2 4 2 4 1 3 1 4 1 1 3 4 2 4 4 2 4 3 2 2 4 3 3 2 1 1 2 
1.014350e+03 
2.692200e+01 
1 1 4 4 3 2 4 2 4 1 3 1 4 1 1 3 4 2 4 1 2 3 3 2 2 4 3 3 2 1 1 1 
8.043740e+02 
2.669006e+01 
1 1 4 4 3 2 4 2 4 1 3 1 4 1 1 3 4 2 4 1 2 3 3 2 2 4 3 3 2 1 1 1 
1.111062e+03 
2.701307e+01 
1 1 4 4 3 2 4 2 4 1 3 1 4 1 1 3 4 2 4 1 2 3 3 2 2 4 3 3 2 1 1 1 
1.111062e+03 
2.701307e+01 
1 1 4 4 3 2 4 2 4 1 3 2 4 1 1 3 4 2 4 1 2 3 3 2 2 4 3 3 2 1 1 1 
1.363078e+03 
2.721750e+01 
1 1 4 4 3 2 4 2 4 1 3 1 4 1 1 3 4 2 4 1 2 3 3 2 2 4 3 3 2 1 1 1 
1.111062e+03 
2.701307e+01 
1 1 4 4 3 2 4 2 4 1 3 1 4 1 1 3 4 2 4 1 2 3 3 2 2 4 3 3 2 1 1 1 
1.363078e+03 
2.721750e+01 
1 1 4 4 3 2 4 2 4 1 3 1 4 1 1 3 4 2 4 1 2 3 3 2 2 4 3 3 2 1 1 1 
1.363078e+03 
2.721750e+01 
1 1 4 4 3 2 4 2 4 1 3 1 4 1 1 3 4 2 4 1 2 3 3 2 2 4 3 3 2 1 1 1 
1.363078e+03 
2.721750e+01 
1 1 4 4 3 2 4 2 4 1 3 1 4 1 1 3 4 2 0 1 2 3 3 2 2 4 3 3 2 1 1 1 
1.363078e+03 
2.721750e+01 
1 1 4 4 3 2 4 2 4 1 3 1 4 1 1 3 4 2 4 1 2 3 3 2 2 4 3 3 2 1 1 1 
1.363078e+03 
2.721750e+01 
1 1 4 4 3 2 4 2 4 1 3 1 4 1 1 3 4 2 4 1 2 3 3 2 2 4 3 3 2 1 1 1 
1.162228e+03 
2.705809e+01 
1 1 4 4 3 2 4 2 4 1 3 1 3 1 1 3 4 2 4 1 2 3 3 2 2 4 3 3 2 1 1 1 
1.363078e+03 
2.721750e+01 
3 1 4 4 3 2 4 2 4 1 3 1 4 1 1 3 4 2 4 1 2 3 2 2 2 4 3 3 2 1 1 1 
1.363078e+03 
2.721750e+01 
1 1 4 4 3 2 4 2 4 1 3 1 3 1 1 3 4 2 4 1 2 3 3 2 2 4 3 3 2 1 1 1 
1.363078e+03 
2.721750e+01 
1 1 4 4 3 2 4 2 4 1 3 1 4 1 1 2 4 2 4 1 2 3 3 2 2 4 3 3 2 1 1 1 
6.776634e+02 
2.651865e+01 
1 1 4 4 3 2 4 2 4 1 3 1 4 1 1 3 2 2 4 1 2 3 3 2 2 4 3 3 2 1 1 1 
1.363078e+03 
2.721750e+01 
1 1 4 4 3 2 4 2 4 1 3 1 4 1 1 3 4 2 4 1 2 3 3 2 2 4 3 3 2 1 1 1 
9.938269e+02 
2.690156e+01 
1 1 4 4 3 2 4 2 4 1 3 1 4 1 1 3 4 2 4 1 2 3 3 2 2 4 3 3 2 1 1 1 
1.363078e+03 
2.721750e+01 
1 1 4 4 3 2 4 2 4 1 3 1 4 1 1 3 4 2 4 1 2 3 3 2 2 4 3 3 2 1 1 1 
1.363078e+03 
2.721750e+01 
1 1 4 4 3 2 4 2 4 1 3 1 4 1 1 3 4 2 4 1 2 3 3 2 2 4 3 3 2 1 1 1 
7.751084e+02 
2.665300e+01 
1 1 4 4 3 2 4 2 4 1 3 1 4 1 1 3 4 2 4 1 2 3 3 2 2 4 3 3 2 1 1 1 
1.363078e+03 
2.721750e+01 
1 1 4 4 3 2 4 2 4 1 3 1 4 1 1 3 4 2 4 1 2 3 3 2 2 4 3 3 2 1 1 1 
1.363078e+03 
2.721750e+01 
1 1 4 4 3 2 4 2 4 1 3 1 4 1 1 3 4 2 4 1 2 3 3 2 2 4 3 3 2 1 1 1 
1.363078e+03 
2.721750e+01 
1 1 4 4 3 2 4 2 4 1 3 1 4 1 1 3 4 2 4 1 2 3 3 2 2 4 3 3 2 1 1 1 
1.275944e+03 
2.715144e+01 
1 1 4 4 3 2 4 2 4 1 3 1 4 1 1 3 4 2 4 1 2 3 3 2 2 4 3 3 2 1 1 1 
1.363078e+03 
2.721750e+01 
1 1 4 4 3 2 4 2 4 1 3 1 4 1 1 3 4 2 4 1 2 3 3 2 2 4 3 3 2 1 1 1 
1.363078e+03 
2.721750e+01 
1 1 4 4 3 2 4 2 4 1 3 1 4 1 1 3 4 2 4 1 2 3 3 2 2 4 3 3 2 1 1 1 
1.363078e+03 
2.721750e+01 
1 1 4 4 3 2 4 2 4 1 3 1 4 1 1 3 4 2 4 1 2 3 3 2 2 4 3 3 2 1 1 1 
9.565198e+02 
2.686330e+01 
1 1 4 4 3 2 4 2 4 1 3 1 4 1 0 3 4 2 4 1 2 3 3 2 2 4 3 3 2 1 1 1 
1.115802e+03 
2.701733e+01 
1 1 4 4 3 2 4 2 4 1 3 1 4 1 0 3 4 2 4 1 2 3 3 2 2 4 3 3 2 1 1 1 
1.107569e+03 
2.700992e+01 
1 1 4 4 3 2 4 2 4 1 3 1 4 1 1 3 4 2 4 1 2 3 3 2 2 4 3 3 2 1 1 1 
1.363078e+03 
2.721750e+01 
1 1 4 4 3 2 4 2 4 1 3 1 4 1 1 3 4 2 4 1 3 3 3 2 2 4 3 3 2 1 1 1 
1.067749e+03 
2.697331e+01 
1 1 4 4 3 2 4 2 4 1 3 1 4 1 1 3 4 2 4 1 3 3 3 2 2 4 3 3 2 1 1 1 
1.067749e+03 
2.697331e+01 
1 1 4 4 3 2 4 2 4 1 3 1 4 1 1 3 4 2 4 1 3 3 3 2 2 4 3 3 2 1 1 1 
1.067749e+03 
2.697331e+01 
1 1 4 4 3 2 4 2 4 1 3 1 4 1 1 3 4 2 4 1 3 3 3 2 2 4 3 3 2 1 1 1 
1.107569e+03 
2.700992e+01 
1 1 4 4 3 2 4 2 4 1 3 1 4 1 1 3 4 2 4 1 3 3 3 2 2 4 3 3 2 1 1 1 
6.870382e+02 
2.653239e+01 
1 1 4 4 3 2 4 2 4 1 3 1 4 1 0 3 4 2 4 1 2 3 3 2 2 4 3 3 2 1 1 1 
1.052036e+03 
2.695848e+01 
1 1 4 4 3 2 4 2 4 1 3 1 4 1 0 3 4 2 4 1 3 3 3 2 2 4 3 3 2 1 1 1 
1.363078e+03 
2.721750e+01 
1 1 4 4 3 2 4 2 4 1 3 1 2 1 1 3 4 2 4 1 2 3 3 2 2 4 3 3 2 1 1 1 
8.971449e+02 
2.679922e+01 
1 1 4 4 3 2 4 2 4 1 3 1 3 1 1 3 4 2 4 1 2 3 3 2 2 4 3 3 2 1 1 1 
1.363078e+03 
2.721750e+01 
1 1 4 4 3 2 4 2 4 1 3 1 4 1 1 3 4 2 4 1 2 3 3 1 2 4 3 3 2 4 1 1 
1.363078e+03 
2.721750e+01 
1 1 4 4 3 2 4 2 4 1 3 1 4 1 1 3 4 2 4 1 2 3 3 2 2 4 3 3 2 1 1 1 
1.052036e+03 
2.695848e+01 
1 1 4 4 3 2 2 2 4 1 3 1 4 1 1 3 4 2 4 1 2 3 3 2 2 4 3 3 2 1 1 1 
1.052036e+03 
2.695848e+01 
1 1 4 4 3 2 4 2 4 1 3 1 4 1 1 3 4 2 4 1 2 3 3 2 2 4 3 3 2 1 1 1 
1.219142e+03 
2.710590e+01 
1 1 4 4 3 2 4 2 4 1 3 1 4 1 1 3 4 2 4 1 2 3 3 2 2 4 3 3 2 1 1 1 
1.363078e+03 
2.721750e+01 
1 1 4 4 3 2 4 3 4 1 3 1 4 1 1 3 4 2 4 1 2 3 3 2 2 4 3 3 2 1 1 1 
1.363078e+03 
2.721750e+01 
1 1 4 4 3 2 4 2 4 1 3 1 4 1 3 3 4 2 4 1 2 3 3 2 2 4 3 3 2 1 1 1 
1.363078e+03 
2.721750e+01 
1 1 4 4 3 2 4 2 4 1 3 1 4 1 1 3 4 2 4 1 3 3 3 2 2 4 3 3 2 1 1 1 
1.363078e+03 
2.721750e+01 
1 1 4 4 3 2 4 2 4 1 3 1 4 1 3 3 4 2 4 1 1 3 3 2 2 4 3 3 2 1 1 1 
1.363078e+03 
2.721750e+01 
1 1 4 4 3 2 4 2 4 1 3 1 4 1 1 3 4 2 4 1 2 3 3 2 2 4 3 3 2 1 1 1 
1.363078e+03 
2.721750e+01 
1 1 4 4 3 2 4 2 4 1 3 1 4 1 1 3 4 2 4 1 2 3 3 2 2 4 3 3 2 1 1 1 
9.272204e+02 
2.683219e+01 
1 1 4 4 3 2 4 2 4 1 3 1 4 1 1 3 4 2 4 1 2 3 3 2 2 4 3 3 2 1 1 1 
8.526420e+02 
2.674834e+01 
1 1 4 4 3 2 4 2 4 1 3 1 4 1 1 3 4 2 4 1 2 3 3 2 2 4 3 3 2 1 1 1 
6.870382e+02 
2.653239e+01 
1 1 4 4 3 2 4 2 4 1 3 1 4 1 1 3 4 2 4 1 2 3 3 2 2 4 3 3 2 1 1 1 
1.073453e+03 
2.697864e+01 
1 1 4 4 3 2 4 2 4 1 3 1 4 1 1 3 4 3 4 1 2 3 3 4 2 4 3 3 2 1 1 1 
1.067749e+03 
2.697331e+01 
1 1 4 4 3 2 4 2 4 1 3 1 4 1 1 3 4 2 4 1 2 3 3 2 2 4 3 3 2 1 1 1 
1.363078e+03 
2.721750e+01 
1 1 4 4 3 2 4 2 4 1 3 1 4 1 1 3 4 2 4 1 2 3 3 4 2 4 3 3 2 1 1 1 
1.215095e+03 
2.710258e+01 
1 1 4 4 3 2 4 2 4 1 3 1 4 1 1 3 4 2 4 1 2 3 3 2 2 4 3 3 2 1 1 1 
1.363078e+03 
2.721750e+01 
1 1 4 4 3 2 4 2 4 1 3 1 4 1 1 3 4 2 4 1 2 3 3 2 2 4 3 3 2 1 1 1 
1.363078e+03 
2.721750e+01 
1 1 4 4 3 2 4 2 4 1 3 1 4 1 1 3 4 2 4 1 2 3 3 2 2 4 3 3 2 1 1 1 
1.363078e+03 
2.721750e+01 
1 1 4 4 3 2 4 2 4 1 3 1 4 1 1 3 4 2 4 1 2 3 3 2 2 4 3 3 2 1 1 1 
1.329007e+03 
2.719219e+01 
1 1 4 4 3 2 4 2 4 1 3 1 4 1 1 3 4 2 4 1 2 3 3 2 2 4 3 3 2 2 1 1 
1.363078e+03 
2.721750e+01 
1 1 4 4 3 2 4 2 4 1 3 1 4 1 1 3 4 2 4 1 2 3 3 2 2 4 3 3 2 1 1 1 
1.363078e+03 
2.721750e+01 
1 1 4 4 3 2 4 2 4 1 3 1 4 1 1 3 4 2 4 1 2 3 3 2 2 4 3 3 2 1 1 1 
1.363078e+03 
2.721750e+01 
1 1 4 4 3 2 4 2 4 1 3 1 4 1 1 3 4 2 4 1 2 3 3 2 2 4 3 3 2 1 1 1 
5.588043e+02 
2.632580e+01 
1 1 4 4 3 2 4 2 4 1 3 1 4 4 1 3 4 2 4 1 2 3 3 2 2 4 3 3 2 1 1 1 
1.363078e+03 
2.721750e+01 
1 1 4 4 3 2 4 2 4 1 3 1 4 4 1 3 4 2 4 1 2 3 3 2 2 4 3 3 2 1 1 1 
1.363078e+03 
2.721750e+01 
1 1 4 4 3 2 4 2 4 1 3 1 4 1 1 3 4 2 4 1 2 3 3 2 2 4 3 3 2 1 1 1 
1.363078e+03 
2.721750e+01 
1 1 4 4 3 2 4 2 4 1 3 1 4 1 1 3 4 2 4 1 2 3 3 2 2 4 3 3 2 1 1 1 
1.363078e+03 
2.721750e+01 
1 1 4 4 3 2 4 2 4 1 3 1 4 1 1 3 4 2 4 1 2 3 3 2 2 4 3 3 2 1 1 1 
1.363078e+03 
2.721750e+01 
1 1 4 2 3 2 4 2 4 1 3 1 4 1 1 3 4 2 4 3 2 3 3 2 2 4 3 3 2 1 1 1 
1.363078e+03 
2.721750e+01 
1 1 4 2 3 2 4 2 4 1 3 1 4 1 1 3 4 2 4 3 2 3 3 2 2 4 3 3 2 1 1 1 
9.506786e+02 
2.685718e+01 
1 1 4 2 3 2 4 2 4 1 3 1 4 1 1 3 4 2 4 3 2 3 3 2 2 4 3 3 2 1 1 1 
9.246310e+02 
2.682939e+01 
1 1 4 2 3 2 4 2 4 1 3 1 4 1 1 3 4 2 4 3 2 3 3 2 2 4 3 3 2 1 1 1 
1.363078e+03 
2.721750e+01 
1 1 1 2 3 2 4 2 4 1 3 1 4 1 1 3 4 2 4 3 2 3 3 2 2 4 3 3 2 1 1 1 
7.809312e+02 
2.666049e+01 
1 1 1 2 3 2 4 2 4 1 3 1 4 1 1 3 4 2 4 3 2 3 3 2 2 4 3 3 2 1 1 1 
1.363078e+03 
2.721750e+01 
1 1 4 4 3 2 4 2 4 1 3 1 4 1 1 3 4 2 4 3 2 3 3 2 2 4 3 3 2 1 1 1 
1.363078e+03 
2.721750e+01 
1 1 4 4 3 2 4 2 4 1 3 4 4 1 1 3 4 2 4 3 2 3 3 2 2 4 3 3 2 1 1 1 
1.363078e+03 
2.721750e+01 
1 1 4 4 3 2 4 2 4 1 3 1 4 1 1 3 4 1 4 3 2 3 3 2 2 4 3 3 2 1 1 1 
1.363078e+03 
2.721750e+01 
1 1 4 4 3 2 4 2 4 1 3 1 4 1 1 3 4 2 4 3 2 3 3 2 2 4 3 3 2 1 1 1 
1.130793e+03 
2.703067e+01 
1 1 4 4 3 2 4 2 4 1 3 1 4 1 1 3 4 2 4 3 2 3 3 2 2 4 3 3 2 1 1 1 
1.363078e+03 
2.721750e+01 
1 1 4 4 3 2 4 2 4 1 3 1 4 1 1 3 4 2 4 3 2 3 3 2 2 4 3 3 2 1 1 1 
9.045407e+02 
2.680743e+01 
1 1 4 4 3 2 4 2 4 1 3 1 4 0 1 3 4 2 4 1 3 3 3 2 2 4 3 3 2 1 1 1 
8.399884e+02 
2.673339e+01 
1 1 4 4 3 2 4 2 4 1 3 1 4 1 1 3 4 2 4 3 2 3 3 2 2 4 3 3 2 1 1 1 
8.107205e+02 
2.669792e+01 
1 1 4 4 3 2 4 2 4 1 3 1 4 0 1 1 4 2 4 1 2 3 3 2 2 4 3 3 2 1 1 1 
1.130793e+03 
2.703067e+01 
1 1 4 4 3 0 4 2 4 1 3 1 4 0 1 3 4 2 4 1 3 3 3 2 2 4 3 3 2 1 1 1 
8.402512e+02 
2.673370e+01 
1 1 4 4 3 2 4 2 4 1 3 1 4 2 1 3 4 2 4 1 2 3 3 2 2 4 3 3 2 1 1 1 
1.332762e+03 
2.719501e+01 
1 1 4 4 3 2 4 2 4 1 3 1 4 0 1 3 4 2 2 1 2 3 3 2 2 4 3 3 2 1 1 1 
1.078200e+03 
2.698305e+01 
1 1 4 4 3 2 4 2 4 1 3 1 4 0 1 3 4 2 4 1 3 3 3 2 2 4 3 3 2 1 1 1 
1.332762e+03 
2.719501e+01 
1 1 4 4 3 3 4 2 4 1 3 1 4 1 1 3 4 2 4 1 2 3 3 2 2 4 3 3 2 1 3 1 
1.332762e+03 
2.719501e+01 
1 1 4 4 3 3 4 2 4 1 3 1 4 1 1 3 4 2 4 1 2 3 3 2 2 4 3 3 2 1 1 1 
1.332762e+03 
2.719501e+01 
1 1 4 4 3 3 4 2 4 1 3 1 4 1 1 3 4 2 4 1 3 3 3 2 2 4 3 3 2 1 1 1 
1.283500e+03 
2.715735e+01 
1 1 4 4 3 3 4 2 4 1 3 1 4 1 1 3 4 2 4 1 3 3 3 2 2 4 3 3 2 1 1 1 
1.098990e+03 
2.700215e+01 
1 1 4 4 3 3 4 2 4 1 3 1 4 1 1 3 4 2 4 1 2 3 3 2 2 4 3 3 2 1 1 1 
1.192381e+03 
2.708371e+01 
1 1 4 4 3 3 4 2 4 1 3 1 4 1 1 3 4 2 4 1 2 3 3 2 2 4 3 3 2 1 1 1 
1.192381e+03 
2.708371e+01 
1 1 4 4 3 3 4 2 4 1 3 1 4 1 1 3 4 2 4 1 2 3 3 2 2 4 3 3 2 1 1 1 
1.192381e+03 
2.708371e+01 
1 1 4 4 3 3 4 2 4 1 3 1 4 1 1 3 4 2 4 1 2 3 3 2 3 4 3 3 2 1 1 1 
1.192381e+03 
2.708371e+01 
1 1 4 4 3 3 1 2 4 1 3 1 4 1 1 3 4 2 4 1 2 3 3 2 3 4 3 3 2 1 1 1 
9.770364e+02 
2.688452e+01 
1 1 4 4 3 2 4 2 4 1 3 1 4 1 1 3 4 2 4 1 2 3 3 2 3 4 3 3 2 1 1 1 
7.891212e+02 
2.667092e+01 
