1 1 4 3 3 3 4 1 1 1 3 1 4 1 1 3 1 2 1 2 2 3 3 2 2 4 4 3 2 1 1 1 
1.188057e+03 
2.708007e+01 
1 1 4 3 3 3 4 1 1 3 3 1 4 1 1 3 1 2 1 2 2 3 3 2 3 4 4 3 2 1 1 1 
1.296880e+03 
2.716772e+01 
1 1 4 3 3 3 4 1 1 3 3 1 4 1 1 3 1 2 1 2 2 3 3 2 2 4 4 3 2 1 1 1 
7.618249e+02 
2.663572e+01 
1 1 4 3 3 3 4 1 1 1 3 1 4 1 1 3 1 2 1 2 2 3 3 2 2 4 4 3 2 1 1 1 
1.088345e+03 
2.699241e+01 
1 1 4 3 3 3 4 1 1 1 3 1 4 1 1 3 1 2 1 2 2 3 3 2 2 4 4 3 2 1 1 1 
1.296880e+03 
2.716772e+01 
1 1 4 3 3 3 4 1 1 1 3 1 4 1 1 3 1 2 1 2 2 3 3 2 2 4 4 3 2 1 1 1 
1.296880e+03 
2.716772e+01 
1 1 4 3 3 3 4 1 1 1 3 1 4 1 1 3 1 2 1 1 2 3 3 2 2 1 4 3 2 1 1 1 
1.008828e+03 
2.691655e+01 
1 1 1 3 3 3 4 1 1 1 3 1 4 1 1 3 1 2 1 2 2 3 3 2 2 4 4 3 2 1 1 1 
7.720319e+02 
2.664903e+01 
1 1 1 3 3 3 4 1 1 1 3 1 4 1 1 3 1 2 1 1 2 3 3 2 1 4 4 3 2 1 1 1 
7.720319e+02 
2.664903e+01 
1 1 1 3 3 3 4 1 1 1 3 1 4 1 1 3 1 2 2 1 2 3 3 2 2 1 4 3 2 1 1 1 
8.571873e+02 
2.675366e+01 
1 1 1 3 3 3 4 1 1 1 3 1 4 1 1 3 1 2 1 1 2 3 3 2 2 1 4 3 2 1 1 1 
1.008828e+03 
2.691655e+01 
1 1 4 3 3 3 4 1 1 1 3 1 4 1 1 3 0 2 1 1 2 3 3 2 2 1 4 3 2 1 1 1 
1.165593e+03 
2.706098e+01 
1 1 4 3 3 3 4 1 1 1 3 1 4 1 1 3 1 2 1 1 2 3 3 2 2 1 4 3 2 1 1 2 
1.165593e+03 
2.706098e+01 
1 1 4 3 3 3 4 1 1 1 3 1 4 1 1 3 1 2 1 1 2 3 3 2 2 1 4 3 2 1 1 1 
7.337181e+02 
2.659812e+01 
2 1 4 3 3 3 4 1 1 1 3 1 4 1 1 3 1 2 1 1 2 3 3 2 2 4 4 3 2 1 1 1 
1.165593e+03 
2.706098e+01 
2 1 4 3 3 3 4 1 1 1 3 1 4 1 1 3 1 2 1 1 2 3 3 2 2 4 4 3 2 1 1 1 
1.174043e+03 
2.706821e+01 
2 1 4 3 3 3 4 1 1 1 3 1 4 1 1 3 1 2 1 1 2 3 3 2 2 4 4 3 2 4 1 1 
9.769022e+02 
2.688439e+01 
1 1 4 3 3 3 4 1 1 1 2 1 4 1 1 3 1 2 1 1 2 3 3 2 2 4 4 3 2 1 1 1 
1.008614e+03 
2.691633e+01 
1 1 4 3 3 3 4 1 1 1 3 1 4 1 1 3 1 2 1 1 2 3 3 2 2 4 4 3 2 1 1 1 
1.296880e+03 
2.716772e+01 
1 1 4 3 3 3 4 1 1 1 2 1 4 1 1 3 1 2 1 1 2 3 3 2 2 4 4 3 2 1 1 1 
1.296880e+03 
2.716772e+01 
1 1 4 3 3 3 4 1 1 1 3 1 4 1 1 3 1 2 1 1 2 3 1 2 2 1 4 3 2 1 1 1 
1.042467e+03 
2.694934e+01 
1 1 4 3 3 3 4 1 1 1 3 1 4 1 1 3 1 2 1 1 2 3 3 2 2 4 4 3 2 1 1 1 
8.042774e+02 
2.668994e+01 
1 1 4 3 3 3 4 1 1 1 3 1 4 1 1 3 1 2 1 1 2 3 1 2 2 1 4 3 2 1 1 1 
7.624006e+02 
2.663647e+01 
1 1 2 3 3 3 4 1 1 1 3 1 4 1 1 3 1 2 1 1 2 3 3 2 2 4 4 3 2 1 1 1 
1.296880e+03 
2.716772e+01 
1 1 2 3 3 3 4 1 1 1 3 1 4 1 1 3 1 2 1 4 2 3 3 2 2 4 4 3 2 1 1 1 
1.296880e+03 
2.716772e+01 
1 1 4 3 3 3 4 1 1 1 3 1 4 1 1 3 1 2 1 1 2 3 3 2 2 4 4 3 2 1 1 1 
1.260494e+03 
2.713926e+01 
1 1 4 3 3 3 4 1 1 1 3 1 4 1 1 3 1 2 1 4 2 3 3 2 2 4 4 3 2 1 1 1 
8.779684e+02 
2.677761e+01 
1 1 4 3 3 3 4 2 1 1 3 1 4 1 1 3 1 2 1 1 2 3 3 2 2 4 4 3 2 1 1 1 
1.296880e+03 
2.716772e+01 
1 1 4 3 3 3 4 1 1 1 3 1 4 1 1 3 1 2 1 1 2 3 3 2 2 4 4 3 2 1 1 1 
5.288194e+02 
2.627065e+01 
1 1 4 3 3 3 4 1 1 1 3 1 4 1 1 3 1 2 1 1 2 2 3 2 2 4 3 3 2 1 1 1 
8.779684e+02 
2.677761e+01 
1 1 4 3 3 3 4 1 1 1 3 1 4 1 1 3 1 2 1 1 2 3 3 2 2 4 2 3 2 1 1 1 
5.572001e+02 
2.632292e+01 
1 1 4 3 3 3 4 1 1 1 3 1 4 1 1 3 1 2 1 1 2 3 3 2 2 4 3 3 2 1 1 1 
5.572001e+02 
2.632292e+01 
1 1 4 3 3 3 4 1 1 1 3 1 4 1 1 3 2 2 1 1 2 3 3 2 2 4 3 3 2 1 1 1 
1.296880e+03 
2.716772e+01 
1 1 4 3 3 3 4 1 1 1 3 1 4 1 1 3 1 2 1 1 2 3 3 2 2 4 4 3 2 1 1 1 
1.296880e+03 
2.716772e+01 
1 1 4 3 3 3 4 1 1 1 3 1 4 1 1 3 1 2 1 1 2 3 3 2 2 4 4 3 2 1 1 1 
1.296880e+03 
2.716772e+01 
1 1 4 3 3 3 4 1 1 1 3 1 4 1 1 3 1 2 1 1 2 3 3 2 2 4 4 3 2 1 1 1 
5.477962e+02 
2.630590e+01 
1 1 4 3 3 3 4 1 1 1 3 1 4 1 1 3 1 2 1 1 2 3 3 2 2 4 4 3 2 1 1 1 
1.296880e+03 
2.716772e+01 
1 1 4 3 3 3 4 1 1 1 3 1 4 1 1 3 1 2 1 1 2 3 3 2 2 4 4 3 2 1 1 1 
1.296880e+03 
2.716772e+01 
1 1 4 3 3 3 4 1 1 1 3 1 4 1 1 3 1 2 1 1 2 3 3 2 2 4 4 3 2 1 1 1 
7.329955e+02 
2.659714e+01 
1 1 4 3 3 3 4 1 1 1 3 1 4 1 1 3 1 2 1 1 2 3 3 2 2 4 4 3 2 1 3 1 
1.296880e+03 
2.716772e+01 
1 1 4 2 3 3 4 1 1 1 3 1 4 1 1 3 1 2 1 1 2 3 3 2 3 4 4 3 2 1 1 1 
1.296880e+03 
2.716772e+01 
1 1 4 2 3 3 4 1 1 1 3 1 4 1 1 3 1 2 1 1 2 3 3 2 2 4 4 3 2 1 1 1 
1.296880e+03 
2.716772e+01 
1 1 4 2 3 3 4 0 1 1 3 1 4 1 1 3 1 2 1 1 2 3 3 2 2 4 4 3 2 1 1 1 
1.296880e+03 
2.716772e+01 
1 1 4 2 3 3 4 1 1 1 3 1 4 1 1 3 1 2 1 1 2 3 3 2 2 4 4 3 2 1 1 1 
1.296880e+03 
2.716772e+01 
1 1 4 2 3 3 4 1 1 1 3 1 4 1 1 3 1 2 1 1 2 3 3 2 2 4 4 3 2 1 1 1 
1.296880e+03 
2.716772e+01 
1 1 4 2 3 3 4 1 1 1 3 1 4 1 1 3 1 2 1 1 2 3 3 2 2 4 4 3 2 1 1 1 
7.895611e+02 
2.667148e+01 
1 1 4 2 3 3 4 1 1 1 3 1 4 1 1 3 1 2 1 1 2 3 3 2 2 4 4 3 2 1 1 1 
1.296880e+03 
2.716772e+01 
1 1 4 2 3 3 4 1 1 1 3 1 4 1 1 3 1 2 1 1 2 3 3 2 2 4 4 3 2 1 1 1 
1.296880e+03 
2.716772e+01 
1 1 2 2 3 3 4 1 1 1 3 1 4 1 1 3 1 2 1 1 2 3 3 2 2 4 4 3 2 1 1 1 
8.042774e+02 
2.668994e+01 
1 1 2 2 3 3 4 1 1 1 3 1 4 1 1 3 1 2 1 1 2 3 3 2 2 4 4 3 2 1 1 1 
9.137343e+02 
2.681754e+01 
1 1 4 2 3 3 4 1 1 1 3 1 4 1 1 3 1 2 1 1 2 3 3 2 2 4 4 3 2 1 1 2 
1.118775e+03 
2.701999e+01 
1 1 4 3 0 3 4 1 1 1 3 1 4 1 1 3 1 2 1 1 2 3 3 2 2 4 4 3 2 1 1 1 
1.118775e+03 
2.701999e+01 
1 1 4 3 3 3 4 1 1 1 3 1 4 1 1 3 1 2 1 1 2 3 3 2 2 4 4 3 2 1 1 2 
1.118775e+03 
2.701999e+01 
1 1 4 3 3 3 4 1 1 1 3 1 4 1 1 3 1 2 1 1 2 3 3 2 2 4 4 1 2 1 1 2 
1.118775e+03 
2.701999e+01 
1 1 4 3 3 3 4 1 1 1 3 1 4 1 1 3 1 2 1 1 2 3 3 2 2 4 4 3 2 1 1 2 
1.296880e+03 
2.716772e+01 
1 1 4 3 3 3 4 1 1 1 3 1 4 1 1 3 1 2 1 1 2 3 3 2 2 4 4 3 2 1 1 1 
1.296880e+03 
2.716772e+01 
1 1 4 3 3 3 4 1 1 1 3 1 4 1 1 3 1 2 1 1 2 3 3 2 2 4 4 3 2 1 4 1 
1.296880e+03 
2.716772e+01 
1 1 4 3 3 3 4 1 1 1 3 1 4 1 1 3 1 2 1 1 2 3 3 2 2 4 4 3 2 1 1 1 
1.296880e+03 
2.716772e+01 
1 1 4 3 3 3 4 1 1 1 3 1 4 1 1 3 1 2 1 1 2 3 3 2 2 4 4 3 2 1 1 1 
1.118775e+03 
2.701999e+01 
1 1 4 3 3 3 4 1 1 1 3 1 4 1 1 3 1 2 1 1 2 3 3 2 2 4 4 3 2 1 1 1 
7.924006e+02 
2.667507e+01 
1 1 4 3 3 3 4 1 1 1 3 1 4 1 1 3 1 2 1 1 2 3 3 2 1 4 4 3 2 1 1 2 
1.296880e+03 
2.716772e+01 
1 1 4 3 3 3 4 1 1 1 3 1 4 1 1 3 1 2 1 1 2 3 3 2 2 4 4 3 2 1 1 1 
1.296880e+03 
2.716772e+01 
1 1 4 3 3 3 4 1 1 1 3 1 4 1 1 3 1 2 1 1 2 3 3 2 2 4 4 3 2 1 1 1 
1.296880e+03 
2.716772e+01 
1 1 4 3 3 3 4 1 1 1 3 1 4 1 1 3 0 2 1 1 2 3 3 2 2 4 4 3 2 1 1 1 
1.050039e+03 
2.695658e+01 
1 1 4 3 3 3 4 1 1 1 3 1 4 1 1 3 0 2 1 1 2 3 3 2 2 4 4 3 2 1 1 1 
1.296880e+03 
2.716772e+01 
1 1 4 3 3 3 4 1 1 1 3 1 4 1 1 3 1 2 1 1 2 3 3 2 2 4 4 3 2 1 1 1 
1.296880e+03 
2.716772e+01 
1 1 4 3 3 3 4 1 1 1 3 1 4 1 1 3 1 2 1 1 2 3 3 2 2 4 4 3 2 1 1 1 
1.296880e+03 
2.716772e+01 
1 1 4 3 3 3 4 1 1 1 3 1 4 1 1 3 1 2 1 1 2 3 3 2 2 4 4 3 2 1 1 1 
9.148870e+02 
2.681880e+01 
1 1 4 3 3 3 4 1 1 1 3 1 4 1 1 3 1 2 1 1 2 3 3 2 2 4 4 3 2 1 1 1 
1.296880e+03 
2.716772e+01 
1 1 4 3 3 3 4 1 1 1 3 1 4 1 1 3 1 2 1 1 2 3 3 2 2 4 4 3 2 1 1 1 
1.296880e+03 
2.716772e+01 
1 1 4 3 3 3 4 1 1 1 3 1 4 1 1 3 1 2 1 1 2 3 3 2 2 4 4 3 2 1 1 1 
1.296880e+03 
2.716772e+01 
1 1 4 3 3 3 4 1 1 1 3 1 4 1 1 3 1 2 1 1 2 3 3 2 2 4 4 3 2 1 1 1 
1.296880e+03 
2.716772e+01 
1 1 4 3 3 3 4 1 1 1 3 1 4 1 1 3 1 2 1 1 2 3 3 2 2 4 4 3 2 1 1 1 
1.296880e+03 
2.716772e+01 
1 1 4 3 3 3 4 1 1 1 3 1 4 1 1 3 1 2 1 1 2 3 3 2 2 4 4 3 2 1 1 1 
8.129927e+02 
2.670072e+01 
1 1 4 3 3 3 4 1 1 1 3 1 4 1 2 3 1 2 1 1 2 3 3 2 2 4 4 3 2 1 1 1 
1.296880e+03 
2.716772e+01 
1 1 4 3 3 3 4 1 1 1 3 1 4 1 2 3 1 2 1 1 2 3 3 2 2 4 4 3 2 1 1 1 
1.296880e+03 
2.716772e+01 
1 1 4 3 3 3 4 1 1 1 3 1 4 1 1 3 1 2 1 1 2 3 3 2 2 4 4 3 2 1 1 1 
1.296880e+03 
2.716772e+01 
1 1 4 3 3 3 4 1 1 1 3 1 4 1 1 3 1 2 1 1 2 3 3 2 2 4 4 3 2 1 1 1 
1.296880e+03 
2.716772e+01 
1 1 4 3 3 3 4 1 1 1 3 1 4 1 1 3 1 2 1 1 2 2 3 2 2 4 4 3 2 1 1 1 
1.001596e+03 
2.690935e+01 
1 1 4 0 3 3 4 1 1 1 3 1 4 1 1 3 1 2 1 1 2 3 3 2 2 4 4 3 2 1 1 1 
9.996058e+02 
2.690736e+01 
1 1 4 0 3 3 4 1 1 0 3 1 4 1 1 3 1 2 1 1 2 2 3 2 2 4 4 3 2 1 1 1 
9.996058e+02 
2.690736e+01 
1 1 4 3 3 3 4 1 1 1 3 1 4 1 1 3 1 2 1 1 2 2 3 2 2 4 4 3 2 1 1 1 
1.070507e+03 
2.697589e+01 
1 1 4 3 3 3 4 1 1 1 3 1 4 1 1 3 1 2 1 1 2 3 3 2 2 3 4 3 2 1 1 1 
1.296880e+03 
2.716772e+01 
1 1 4 3 3 3 4 1 1 1 3 1 4 1 1 3 1 2 1 1 2 3 3 0 2 3 4 3 2 1 1 1 
9.996058e+02 
2.690736e+01 
1 1 4 3 3 3 4 1 1 1 3 1 4 3 1 3 1 2 1 1 2 2 3 2 2 4 4 3 2 1 1 1 
7.096115e+02 
2.656472e+01 
1 1 4 3 3 3 4 1 1 1 3 1 4 1 1 3 1 2 1 1 2 2 3 2 2 4 4 3 2 1 1 1 
1.072924e+03 
2.697814e+01 
1 1 4 3 3 3 4 1 1 1 3 1 4 1 1 3 1 2 1 1 2 3 3 2 2 4 4 3 2 1 1 1 
9.437646e+02 
2.684988e+01 
1 1 4 3 3 3 4 1 1 1 3 1 4 1 1 3 1 2 1 1 2 3 3 2 2 4 4 3 2 0 1 1 
9.437646e+02 
2.684988e+01 
1 1 4 3 3 3 4 1 1 1 3 1 4 1 1 3 1 2 1 1 2 3 3 2 2 4 4 3 2 1 1 1 
1.296880e+03 
2.716772e+01 
1 1 4 3 3 3 4 1 1 1 3 1 4 1 1 3 1 2 1 1 2 3 1 2 2 4 4 3 2 0 1 1 
9.437646e+02 
2.684988e+01 
0 1 4 3 3 3 4 1 1 1 3 1 4 1 1 3 1 2 1 1 2 3 3 2 2 4 4 3 2 1 1 1 
1.188057e+03 
2.708007e+01 
1 1 4 4 3 3 4 1 1 1 3 1 4 1 1 3 1 2 1 1 2 3 3 2 2 4 4 3 2 1 1 1 
9.990495e+02 
2.690680e+01 
0 1 4 4 3 3 4 1 1 1 3 1 4 1 1 3 1 2 1 1 2 3 3 2 2 4 4 3 2 1 1 1 
9.990495e+02 
2.690680e+01 
0 1 4 4 3 3 4 1 1 1 3 1 4 1 1 3 1 2 1 1 2 3 3 2 2 4 4 3 2 1 1 1 
9.990495e+02 
2.690680e+01 
1 1 4 2 3 1 4 1 1 1 3 1 4 1 1 3 1 2 4 1 2 0 3 2 2 4 4 3 2 1 1 1 
1.026686e+03 
2.693409e+01 
1 1 4 2 3 1 4 1 1 1 3 1 4 1 1 3 1 2 4 1 2 0 3 2 2 4 4 3 2 1 1 1 
7.436512e+02 
2.661157e+01 
1 1 4 3 3 3 4 1 1 1 3 1 4 1 1 3 1 2 4 1 2 3 3 2 2 4 4 3 2 1 1 1 
1.167414e+03 
2.706255e+01 
1 1 4 3 3 3 4 1 1 1 3 1 4 1 1 3 1 2 4 1 2 3 3 2 2 4 4 3 2 1 1 1 
1.167414e+03 
2.706255e+01 
1 1 4 3 3 3 4 1 1 1 3 1 4 1 1 3 1 2 4 1 4 3 3 2 2 4 4 3 2 1 1 1 
7.459318e+02 
2.661463e+01 
1 1 4 3 3 3 4 1 1 1 3 1 4 1 1 3 1 2 4 1 4 3 3 2 2 4 4 3 2 1 1 1 
1.167414e+03 
2.706255e+01 
