1 1 4 1 3 3 4 1 1 1 3 1 4 3 1 3 1 2 1 3 2 3 3 2 2 4 4 3 2 1 1 1 
1.296880e+03 
2.716772e+01 
1 1 4 1 3 3 4 1 1 1 3 1 4 1 1 3 1 2 1 3 2 3 3 2 2 4 4 3 2 1 1 1 
5.350486e+02 
2.628236e+01 
1 1 4 1 3 3 4 1 1 1 3 1 4 1 1 3 1 2 1 3 2 3 3 2 2 4 4 3 2 1 1 1 
1.296880e+03 
2.716772e+01 
1 1 4 1 3 3 4 1 1 1 3 1 4 1 1 3 1 2 1 3 2 3 3 2 2 4 4 3 2 1 1 1 
1.296880e+03 
2.716772e+01 
1 1 4 1 3 3 4 1 1 1 3 1 4 1 1 3 1 2 1 3 2 3 3 2 2 4 4 3 2 1 1 1 
1.296880e+03 
2.716772e+01 
1 1 4 1 3 3 4 1 1 1 3 1 4 3 1 3 1 2 1 3 3 3 3 2 2 4 4 3 2 1 1 1 
8.647738e+02 
2.676247e+01 
1 1 4 1 3 3 4 1 1 1 3 1 4 3 1 3 2 2 1 3 3 3 3 2 2 4 4 3 2 1 1 1 
1.296880e+03 
2.716772e+01 
1 1 4 1 3 3 4 1 1 1 3 1 4 1 1 3 1 2 1 3 2 3 3 2 2 4 4 3 2 1 1 1 
1.296880e+03 
2.716772e+01 
1 1 4 1 3 3 4 1 1 1 3 1 4 1 1 3 1 2 1 3 2 3 3 2 2 4 4 3 2 1 1 1 
6.487526e+02 
2.647505e+01 
1 1 4 1 3 3 4 1 1 2 3 1 4 1 1 3 1 2 1 3 2 3 3 2 2 4 4 3 2 1 1 1 
1.296880e+03 
2.716772e+01 
1 1 4 1 3 3 4 1 1 1 3 1 4 1 1 3 1 2 1 3 2 3 3 2 2 4 4 3 2 1 1 1 
1.296880e+03 
2.716772e+01 
1 1 4 1 3 3 4 1 1 1 3 1 4 1 1 3 1 2 1 3 2 3 3 2 2 4 4 3 1 1 1 1 
1.296880e+03 
2.716772e+01 
1 1 4 1 3 3 4 1 1 1 3 1 4 1 1 3 1 2 1 3 2 3 3 2 2 4 4 3 2 1 1 1 
7.389237e+02 
2.660519e+01 
1 1 4 1 3 3 4 1 1 1 3 1 4 1 1 3 1 2 1 3 2 3 3 2 2 4 4 3 2 1 1 1 
7.389237e+02 
2.660519e+01 
1 1 4 1 3 3 4 1 1 1 3 1 4 1 1 3 3 2 1 3 2 3 3 2 2 4 4 3 2 1 1 1 
7.389237e+02 
2.660519e+01 
1 1 4 1 3 3 4 1 1 1 3 1 4 1 1 3 3 2 1 3 2 3 3 2 2 4 4 3 2 1 1 1 
1.296880e+03 
2.716772e+01 
1 1 4 1 3 3 4 1 1 1 3 1 4 1 1 3 3 2 1 3 2 3 3 2 2 4 4 3 2 1 1 1 
1.003830e+03 
2.691158e+01 
1 1 4 1 3 3 4 1 3 1 3 1 4 1 1 3 3 2 1 3 2 3 3 2 2 4 4 3 2 1 1 1 
1.003830e+03 
2.691158e+01 
1 1 4 1 3 3 4 1 1 1 3 1 4 1 1 3 1 2 1 3 2 3 3 2 2 4 4 3 2 1 1 1 
1.296880e+03 
2.716772e+01 
1 1 4 1 3 3 4 1 1 1 3 1 4 1 1 3 1 2 1 3 2 3 3 2 2 4 4 3 2 1 1 1 
1.296880e+03 
2.716772e+01 
1 1 4 1 3 3 4 1 1 1 1 1 4 1 1 3 1 2 1 3 2 3 3 2 2 4 4 3 2 1 1 1 
1.296880e+03 
2.716772e+01 
1 1 4 1 3 3 4 1 1 1 1 1 4 1 1 3 1 2 1 3 2 3 3 2 2 4 4 3 2 1 1 1 
9.315470e+02 
2.683685e+01 
1 1 4 1 3 3 4 1 1 1 3 1 4 1 1 3 1 2 1 3 2 3 3 2 2 4 4 3 2 1 1 1 
1.296880e+03 
2.716772e+01 
1 1 4 1 3 3 4 1 1 1 3 1 4 1 1 3 1 2 1 3 2 3 3 2 2 4 4 3 2 1 1 1 
1.296880e+03 
2.716772e+01 
1 1 4 1 3 3 4 1 1 1 3 1 4 1 1 3 1 2 1 3 2 3 3 2 2 4 4 3 2 1 1 1 
9.385938e+02 
2.684438e+01 
1 1 4 1 3 3 4 1 1 1 3 1 4 1 1 3 1 2 1 3 2 3 3 2 2 4 4 3 2 1 1 1 
1.221013e+03 
2.710744e+01 
1 1 4 1 3 3 4 1 1 1 3 1 1 1 1 3 1 2 1 3 2 3 3 2 2 4 4 3 2 1 1 1 
1.221013e+03 
2.710744e+01 
1 1 4 1 3 3 4 1 1 1 3 1 4 1 1 3 1 2 1 3 2 3 3 2 2 4 4 3 2 1 1 1 
1.221013e+03 
2.710744e+01 
1 1 4 1 3 3 4 1 1 1 3 1 4 1 1 3 1 2 1 3 2 3 3 2 2 4 1 3 2 2 1 1 
1.296880e+03 
2.716772e+01 
1 1 4 1 3 3 4 1 1 1 3 1 4 1 1 3 1 2 1 3 2 3 3 2 2 4 4 3 2 1 1 1 
1.296880e+03 
2.716772e+01 
1 1 4 1 3 3 4 1 1 1 3 1 4 1 1 3 1 2 1 3 1 3 3 2 2 4 1 3 2 1 1 1 
1.296880e+03 
2.716772e+01 
1 1 4 1 3 3 4 1 1 1 3 1 4 1 1 3 1 2 1 3 2 3 3 2 2 4 1 3 2 1 1 1 
1.296880e+03 
2.716772e+01 
1 1 4 1 3 3 4 1 1 1 3 1 4 1 1 3 1 2 1 3 2 3 3 2 2 4 1 3 2 1 1 1 
8.918464e+02 
2.679329e+01 
1 1 4 1 3 3 4 1 1 1 3 1 4 1 1 3 1 2 1 3 2 3 3 2 2 4 1 3 2 1 1 1 
1.296880e+03 
2.716772e+01 
1 1 4 1 3 3 4 1 1 1 3 1 4 1 1 3 1 2 1 3 2 3 3 2 4 4 4 3 2 1 1 1 
1.058639e+03 
2.696474e+01 
1 1 4 1 3 3 4 1 1 1 3 1 4 1 1 3 1 2 1 3 2 3 3 2 2 4 4 3 2 1 1 1 
5.632146e+02 
2.633366e+01 
1 1 2 1 3 3 4 1 1 1 3 1 4 1 1 3 1 2 1 3 0 3 3 2 2 4 4 3 2 1 1 1 
1.058639e+03 
2.696474e+01 
1 1 4 1 3 3 4 1 1 1 3 1 4 1 1 3 1 2 1 3 2 3 3 2 2 4 4 3 2 1 1 1 
1.058639e+03 
2.696474e+01 
1 1 4 1 3 3 4 1 3 1 3 1 4 1 1 3 1 2 1 3 2 3 3 2 2 0 4 3 2 1 1 1 
8.733525e+02 
2.677234e+01 
1 1 3 1 3 3 4 1 1 1 3 1 4 1 1 3 1 2 1 3 2 3 3 2 2 0 4 3 2 1 1 1 
6.542756e+02 
2.648353e+01 
3 1 4 1 3 3 4 1 1 1 3 1 4 1 1 2 1 2 1 3 2 3 3 2 2 4 4 3 2 1 1 1 
8.740625e+02 
2.677315e+01 
3 1 4 1 3 3 4 1 1 1 3 1 4 1 1 2 1 2 1 3 2 3 3 2 2 4 4 3 2 1 1 1 
9.904569e+02 
2.689817e+01 
3 1 4 1 3 3 4 1 1 1 3 1 4 1 1 2 1 2 1 3 2 3 3 2 2 4 4 3 2 1 1 1 
7.688916e+02 
2.664495e+01 
1 1 4 1 3 3 4 1 1 1 3 1 4 1 1 2 1 2 1 3 2 3 3 2 2 4 4 3 2 1 1 1 
9.904569e+02 
2.689817e+01 
1 1 4 1 3 3 4 1 1 1 3 1 4 1 1 2 1 2 1 3 2 3 3 2 2 4 4 3 2 1 1 1 
1.296880e+03 
2.716772e+01 
1 1 4 1 3 3 4 1 1 1 3 1 4 1 1 2 1 2 1 3 2 3 3 2 2 4 4 3 2 1 1 1 
1.296880e+03 
2.716772e+01 
1 1 4 1 3 3 4 1 1 1 3 1 4 1 1 3 1 2 1 3 2 3 3 2 2 4 4 3 2 1 1 1 
1.296880e+03 
2.716772e+01 
1 1 4 1 3 3 4 1 1 1 3 1 4 1 1 3 1 2 1 3 2 3 3 2 2 4 4 3 2 1 1 1 
1.296880e+03 
2.716772e+01 
1 1 4 1 3 3 4 1 1 1 3 1 4 1 1 3 1 2 1 3 2 3 3 2 2 4 4 3 2 1 1 1 
1.296880e+03 
2.716772e+01 
1 1 4 1 3 3 4 1 1 1 3 1 4 1 1 3 1 2 1 3 2 3 3 2 2 4 4 3 2 1 1 1 
1.296880e+03 
2.716772e+01 
1 1 4 1 3 3 4 1 1 1 3 1 4 1 1 3 1 2 1 3 2 3 3 2 2 4 4 3 2 1 1 1 
1.296880e+03 
2.716772e+01 
1 1 4 1 3 3 4 1 1 1 3 1 4 1 1 3 1 2 1 3 2 3 3 2 2 4 4 3 2 1 1 1 
1.174959e+03 
2.706899e+01 
1 1 4 1 3 3 4 1 1 1 3 1 4 1 1 3 1 2 1 3 2 3 3 2 2 4 4 3 2 1 1 1 
1.296880e+03 
2.716772e+01 
1 1 4 1 3 3 4 1 1 1 3 1 4 1 1 3 1 2 1 3 2 3 3 2 2 4 4 3 2 1 1 1 
1.015875e+03 
2.692351e+01 
1 1 4 1 3 3 4 1 1 1 3 1 4 1 1 3 1 2 1 3 2 3 3 2 2 4 4 3 2 1 1 1 
1.174043e+03 
2.706821e+01 
1 1 4 1 3 3 4 1 1 1 3 1 4 1 1 3 1 2 1 3 2 3 3 2 2 4 4 3 2 1 1 1 
1.174043e+03 
2.706821e+01 
1 1 4 1 3 3 4 1 1 1 3 1 4 1 1 3 1 2 1 3 2 3 3 2 2 4 4 3 2 1 1 1 
8.807396e+02 
2.678076e+01 
1 4 4 1 3 3 4 1 1 1 3 1 4 1 1 3 1 2 1 3 2 3 3 2 2 4 4 3 2 1 1 1 
1.296880e+03 
2.716772e+01 
1 1 4 1 3 3 4 1 1 1 3 1 4 1 1 3 1 2 1 3 2 3 3 2 2 4 4 3 2 1 1 1 
1.296880e+03 
2.716772e+01 
1 1 4 1 3 3 4 1 1 1 3 1 4 1 1 3 1 2 1 3 2 3 3 2 2 4 4 3 2 0 1 1 
1.296880e+03 
2.716772e+01 
1 1 4 1 3 3 4 1 1 1 3 1 4 1 1 3 1 2 1 3 2 3 3 2 2 4 4 3 2 1 1 1 
1.296880e+03 
2.716772e+01 
1 1 4 1 3 3 4 1 1 1 3 1 4 1 1 3 1 2 1 3 2 3 3 2 2 4 4 3 2 1 1 1 
1.296880e+03 
2.716772e+01 
1 1 4 2 3 3 4 1 1 1 3 1 4 1 1 3 4 2 1 3 2 3 3 2 2 4 4 3 2 1 1 1 
1.296880e+03 
2.716772e+01 
1 1 4 2 3 3 4 1 1 1 3 1 4 1 1 3 4 2 1 3 2 3 3 2 2 4 4 3 2 1 1 1 
1.296880e+03 
2.716772e+01 
1 1 4 2 3 3 4 1 1 1 3 1 4 1 1 3 1 2 1 3 2 3 3 2 2 4 4 3 2 1 1 1 
1.296880e+03 
2.716772e+01 
1 1 4 2 3 3 4 1 1 1 3 1 4 1 1 3 4 2 1 3 2 3 3 2 2 4 4 3 2 1 1 1 
1.221013e+03 
2.710744e+01 
1 1 4 2 3 3 4 1 1 1 3 1 4 1 1 3 1 2 1 3 2 3 3 2 2 4 4 3 2 1 1 1 
1.184807e+03 
2.707734e+01 
1 1 4 2 3 3 4 1 1 1 3 1 4 1 1 3 4 2 1 3 2 3 3 2 2 4 4 3 2 1 1 1 
1.296880e+03 
2.716772e+01 
1 1 4 2 3 3 4 1 1 1 3 1 4 1 1 3 1 2 1 0 2 3 3 2 2 4 4 3 2 1 1 1 
1.282453e+03 
2.715653e+01 
1 1 4 2 3 3 4 1 1 1 3 1 4 1 1 3 1 2 1 0 2 3 3 2 2 4 4 3 2 1 1 1 
1.184807e+03 
2.707734e+01 
1 1 4 2 2 3 4 1 1 1 3 1 4 1 1 3 1 2 1 0 2 3 3 2 2 4 4 3 2 1 1 1 
1.282453e+03 
2.715653e+01 
1 1 4 2 2 3 4 1 1 1 3 1 4 1 1 3 1 2 1 0 2 3 3 2 2 4 4 3 2 1 1 1 
1.282453e+03 
2.715653e+01 
1 1 4 2 3 3 4 1 1 1 3 1 4 1 1 3 1 2 1 0 2 3 3 2 2 4 4 3 2 1 1 1 
8.433004e+02 
2.673732e+01 
1 1 4 2 3 3 4 1 1 1 3 1 4 1 1 3 1 2 1 0 2 3 3 2 2 4 4 3 2 1 1 1 
1.282453e+03 
2.715653e+01 
2 1 4 0 3 2 4 2 1 1 3 1 4 1 1 3 1 2 1 0 2 3 3 2 2 4 4 3 2 1 1 1 
1.282453e+03 
2.715653e+01 
2 1 4 0 3 2 4 2 1 1 3 1 4 1 1 3 1 2 1 0 2 3 3 2 2 4 4 3 2 1 1 1 
1.282453e+03 
2.715653e+01 
2 0 4 0 3 2 4 2 1 1 3 1 4 1 1 3 1 2 1 0 2 3 3 2 2 4 4 3 2 1 1 1 
1.282453e+03 
2.715653e+01 
1 1 4 1 3 2 4 2 1 1 3 1 4 1 1 3 1 2 1 0 2 3 3 2 2 4 4 3 2 1 1 1 
1.072913e+03 
2.697813e+01 
1 1 4 1 3 2 4 2 1 4 3 1 4 1 1 3 1 2 1 0 2 3 3 2 2 4 4 3 2 1 1 1 
1.072913e+03 
2.697813e+01 
1 1 4 1 3 2 4 2 1 1 3 1 4 1 1 3 1 2 1 0 2 3 3 2 2 4 4 3 2 1 1 1 
9.799905e+02 
2.688754e+01 
1 1 4 1 3 3 4 2 4 1 3 1 4 1 1 2 1 2 1 0 2 3 3 2 2 4 4 3 2 1 1 1 
9.799905e+02 
2.688754e+01 
1 1 4 1 3 3 4 2 4 1 3 1 4 1 1 2 1 2 1 0 2 3 3 2 2 4 4 3 2 1 1 1 
1.205994e+03 
2.709506e+01 
1 1 4 1 3 2 4 2 1 1 3 1 4 1 1 3 3 2 1 0 2 3 3 2 2 4 4 3 2 1 1 1 
1.205994e+03 
2.709506e+01 
1 1 4 1 3 2 4 2 1 1 3 1 4 1 1 3 3 2 1 0 2 3 3 2 2 4 4 3 2 1 1 1 
1.205994e+03 
2.709506e+01 
1 1 4 1 3 2 4 2 1 1 3 1 4 1 1 3 3 2 1 0 2 3 3 2 2 4 4 3 2 1 1 1 
1.099112e+03 
2.700226e+01 
1 1 4 1 1 2 4 2 1 1 3 1 4 1 1 3 3 2 1 0 2 3 3 2 2 4 4 3 2 1 1 1 
8.294826e+02 
2.672080e+01 
1 1 4 1 3 2 4 2 1 1 3 1 4 1 1 3 3 2 1 0 2 3 3 2 2 4 4 3 2 1 1 1 
8.294826e+02 
2.672080e+01 
1 1 4 1 3 3 4 2 4 1 3 1 4 1 1 3 1 2 1 0 2 3 3 2 2 4 4 3 2 1 1 1 
1.279222e+03 
2.715401e+01 
1 1 4 1 3 3 4 2 4 1 3 1 4 1 1 2 1 2 1 0 2 3 3 2 2 4 4 3 2 1 1 1 
1.279222e+03 
2.715401e+01 
1 1 4 1 3 3 4 2 4 1 3 1 4 1 1 3 1 2 1 0 2 3 3 2 2 4 4 3 2 1 1 1 
1.099112e+03 
2.700226e+01 
1 1 4 1 3 3 4 2 4 1 3 1 4 1 1 3 1 2 1 0 2 3 3 2 2 4 4 3 2 1 1 1 
1.279222e+03 
2.715401e+01 
1 1 4 1 3 3 4 2 4 1 3 1 4 1 1 3 1 2 1 0 2 3 0 2 2 4 4 3 2 1 1 1 
1.279222e+03 
2.715401e+01 
1 1 4 1 3 3 4 2 4 1 3 1 4 1 1 3 1 2 1 0 2 3 0 2 2 4 4 3 2 1 1 1 
1.022661e+03 
2.693016e+01 
1 1 4 1 3 3 4 2 4 1 3 1 4 1 1 3 3 2 1 0 2 3 3 2 2 4 4 3 2 1 1 1 
8.389708e+02 
2.673218e+01 
1 1 4 1 3 3 4 2 4 1 3 1 4 1 1 3 3 2 1 0 2 3 3 2 2 4 4 3 2 1 1 1 
8.389708e+02 
2.673218e+01 
1 1 4 1 3 3 4 2 4 1 3 1 4 1 1 3 1 2 1 0 2 3 3 2 2 4 4 3 2 1 1 1 
1.279222e+03 
2.715401e+01 
1 1 4 1 3 3 4 2 4 1 3 1 4 1 1 3 1 2 1 0 2 3 3 2 2 4 4 3 2 1 1 1 
1.279222e+03 
2.715401e+01 
1 1 4 1 3 3 4 2 4 1 3 1 4 1 1 3 1 2 1 0 2 3 3 2 2 4 4 3 2 1 1 1 
6.570324e+02 
2.648773e+01 
1 1 4 1 3 3 4 2 4 1 3 1 4 1 1 3 1 2 1 0 2 3 2 2 2 4 4 3 2 1 1 1 
1.058559e+03 
2.696466e+01 
1 1 4 1 3 3 4 2 4 1 3 1 4 1 1 3 1 2 1 0 2 3 2 2 2 4 4 3 2 1 1 1 
1.058559e+03 
2.696466e+01 
