1 1 4 2 3 2 1 2 4 1 3 1 4 1 1 3 4 2 3 2 2 3 3 2 2 4 3 3 2 1 1 1 
1.056259e+03 
2.696249e+01 
1 1 4 2 3 2 1 2 4 1 3 1 4 1 1 3 4 2 4 2 2 3 3 2 2 4 3 3 2 1 1 1 
1.257640e+03 
2.713699e+01 
1 1 4 2 3 2 4 2 4 1 3 1 4 1 1 2 4 2 4 1 2 3 3 2 2 1 3 3 2 1 1 1 
8.850351e+02 
2.678563e+01 
1 0 4 0 3 4 4 2 4 1 3 1 4 1 1 3 4 2 4 2 2 1 3 2 2 4 3 3 2 1 1 1 
8.850351e+02 
2.678563e+01 
1 0 4 0 3 2 4 2 4 1 3 1 4 1 1 3 4 2 4 1 2 3 3 2 2 4 3 3 2 1 1 1 
7.168725e+02 
2.657490e+01 
1 0 4 0 3 2 4 2 4 1 3 1 4 1 1 3 4 2 4 1 2 3 3 2 2 4 3 3 2 1 1 1 
7.168725e+02 
2.657490e+01 
1 0 4 0 3 2 4 2 4 1 3 1 4 1 1 3 4 2 4 1 2 3 3 2 2 4 3 3 2 1 1 1 
1.158067e+03 
2.705451e+01 
1 0 4 0 3 2 4 2 4 1 3 1 4 1 1 3 4 2 4 1 2 3 3 2 2 4 3 3 2 1 1 1 
1.252715e+03 
2.713307e+01 
1 0 4 0 3 2 4 2 4 1 3 1 4 1 1 3 4 2 4 1 2 3 3 2 2 4 3 3 2 1 1 1 
1.042490e+03 
2.694937e+01 
1 0 4 0 3 2 4 2 4 1 3 1 4 1 1 3 4 2 4 1 2 3 3 2 2 4 3 3 2 1 1 1 
7.329123e+02 
2.659703e+01 
1 0 4 0 3 2 4 2 4 1 3 1 4 1 1 3 4 2 4 1 2 3 3 1 2 4 3 3 2 1 1 1 
1.120922e+03 
2.702191e+01 
1 0 4 0 3 2 4 2 4 1 3 1 4 1 1 3 4 2 4 1 2 3 3 2 2 4 3 3 2 1 1 1 
1.252715e+03 
2.713307e+01 
1 0 4 0 3 2 4 2 4 1 3 1 4 1 1 3 4 2 4 1 2 3 3 2 2 4 3 3 2 1 1 1 
1.252715e+03 
2.713307e+01 
1 0 4 0 3 2 4 2 4 1 3 1 4 1 1 3 4 2 4 1 2 3 3 2 0 4 1 3 2 1 1 1 
1.252715e+03 
2.713307e+01 
1 0 4 0 3 2 4 2 4 1 3 1 4 1 1 3 4 2 4 1 2 3 3 2 2 4 3 3 2 1 1 1 
9.775431e+02 
2.688504e+01 
1 0 4 0 3 2 4 3 4 1 3 1 4 1 1 3 4 2 4 1 2 3 3 2 2 4 3 3 2 1 1 1 
1.252715e+03 
2.713307e+01 
1 0 4 0 3 2 4 2 4 1 3 1 4 1 1 3 4 2 4 1 2 3 3 2 0 4 3 3 2 1 1 1 
9.775431e+02 
2.688504e+01 
1 0 4 3 3 2 4 2 4 1 3 1 4 1 1 3 4 2 4 4 2 1 3 2 2 4 3 3 2 1 1 1 
9.775431e+02 
2.688504e+01 
1 0 4 3 3 2 4 2 4 1 3 1 4 1 1 3 4 2 4 4 2 3 3 2 2 4 3 3 2 1 1 1 
8.263597e+02 
2.671703e+01 
1 0 4 2 3 2 4 2 4 1 3 1 4 1 1 3 4 2 4 4 2 1 3 2 2 4 3 3 2 1 1 1 
9.578025e+02 
2.686464e+01 
1 0 4 2 3 2 4 2 4 1 3 1 4 1 1 3 4 2 4 4 2 3 3 2 2 4 3 3 2 1 1 1 
1.290609e+03 
2.716287e+01 
1 0 4 2 3 2 4 2 4 1 3 1 4 1 1 3 4 2 4 4 2 3 3 2 2 4 3 3 2 1 1 1 
1.290609e+03 
2.716287e+01 
1 0 4 2 3 2 4 2 4 1 3 1 4 1 1 3 4 2 4 4 2 3 3 2 2 4 3 3 2 1 1 1 
1.050784e+03 
2.695729e+01 
1 0 4 2 3 2 4 2 4 1 3 1 4 1 1 3 4 2 4 4 2 3 3 2 2 4 3 3 2 1 1 1 
6.380636e+02 
2.645844e+01 
1 0 4 2 3 2 4 2 4 1 3 3 4 1 1 3 4 2 4 4 2 3 3 2 2 4 3 3 2 1 1 1 
6.157053e+02 
2.642277e+01 
1 0 4 3 3 2 2 2 4 1 3 1 4 1 1 3 4 2 4 4 2 3 3 2 2 4 3 3 2 1 1 1 
1.290609e+03 
2.716287e+01 
1 0 4 2 3 2 4 4 4 1 3 1 4 1 1 3 4 2 4 4 2 3 3 2 2 4 3 3 2 1 1 1 
7.653555e+02 
2.664034e+01 
1 0 4 2 3 2 4 2 4 1 3 1 4 1 1 3 4 2 3 4 2 3 3 2 2 4 3 3 2 1 1 1 
1.290609e+03 
2.716287e+01 
1 0 4 2 3 2 4 2 4 1 3 1 4 1 1 3 4 2 4 4 2 3 3 2 2 4 3 3 2 1 1 1 
1.290609e+03 
2.716287e+01 
1 0 4 2 3 2 4 2 4 1 3 1 4 1 1 3 4 2 4 1 2 3 3 2 2 4 3 3 2 1 1 1 
9.015794e+02 
2.680415e+01 
1 0 4 2 3 2 4 2 4 1 3 1 4 1 1 3 4 2 4 1 2 3 3 2 2 4 3 3 2 1 1 1 
1.290609e+03 
2.716287e+01 
1 0 4 2 3 2 4 2 4 1 3 1 4 1 1 3 4 2 4 1 2 3 3 2 2 4 3 3 2 1 1 1 
1.290609e+03 
2.716287e+01 
1 0 4 2 3 2 4 2 4 1 3 1 4 1 1 3 4 2 4 1 2 3 3 2 2 4 3 3 2 1 1 1 
6.157053e+02 
2.642277e+01 
1 0 4 2 3 2 4 2 4 1 3 1 1 1 1 3 4 2 4 1 2 3 3 2 2 4 3 3 2 1 1 1 
1.290609e+03 
2.716287e+01 
1 0 4 2 3 2 4 2 4 1 3 1 4 1 1 3 4 2 4 1 2 3 3 2 2 4 3 3 2 1 1 1 
1.290609e+03 
2.716287e+01 
1 0 4 2 3 2 4 2 4 1 3 1 4 1 1 3 4 2 4 1 2 3 3 2 2 4 3 3 2 1 1 1 
1.084833e+03 
2.698918e+01 
1 0 4 2 3 2 4 2 4 1 3 1 4 1 1 3 4 2 3 1 2 3 3 2 2 4 3 3 2 1 1 1 
1.104819e+03 
2.700744e+01 
1 0 4 2 3 2 4 2 4 1 3 1 4 1 3 3 4 2 4 1 2 3 3 2 2 4 3 3 2 1 1 1 
1.104819e+03 
2.700744e+01 
1 0 4 2 3 2 4 2 4 1 3 1 4 1 1 3 4 2 4 1 2 3 3 1 2 4 4 3 2 1 1 1 
4.666794e+02 
2.614564e+01 
1 0 4 2 3 2 4 2 4 1 3 1 4 1 1 3 4 2 4 1 2 3 3 2 2 4 3 3 2 1 1 1 
1.290609e+03 
2.716287e+01 
1 0 4 2 3 2 4 2 4 1 3 1 4 1 1 3 4 2 4 1 2 3 3 1 2 4 4 3 2 1 1 1 
1.020615e+03 
2.692816e+01 
1 0 4 2 3 2 4 2 4 1 3 1 4 1 1 3 4 2 4 1 2 3 3 1 2 4 4 3 2 1 1 1 
1.144710e+03 
2.704291e+01 
1 0 4 2 3 2 4 2 4 1 3 1 4 1 1 3 4 2 4 1 2 3 3 2 2 4 3 3 2 1 1 1 
1.290609e+03 
2.716287e+01 
1 0 4 2 3 2 4 2 4 1 3 1 4 1 1 3 4 2 4 1 2 3 3 2 2 4 3 3 2 1 1 1 
9.954409e+02 
2.690319e+01 
1 0 4 2 3 2 4 2 4 1 3 1 4 1 1 3 4 2 4 1 2 3 3 2 2 4 3 3 2 4 1 1 
1.290609e+03 
2.716287e+01 
1 0 4 2 3 2 4 2 4 1 3 1 4 1 1 3 4 2 4 1 2 3 3 2 2 4 3 3 2 4 1 1 
1.290609e+03 
2.716287e+01 
1 0 4 2 3 2 4 2 4 1 3 1 4 1 1 3 4 2 4 1 2 3 3 2 2 4 3 3 2 1 1 1 
1.048597e+03 
2.695521e+01 
1 0 4 2 3 2 4 2 4 1 3 1 4 1 1 3 4 2 4 1 2 3 3 2 2 4 3 3 2 4 1 1 
1.290609e+03 
2.716287e+01 
1 0 4 2 3 2 4 2 4 1 3 1 4 1 1 3 4 2 4 1 2 3 3 2 2 4 3 3 2 1 1 3 
1.290609e+03 
2.716287e+01 
1 0 4 2 3 2 4 2 4 1 3 1 4 1 1 3 4 2 4 1 2 3 3 2 2 4 3 3 2 1 1 1 
1.290609e+03 
2.716287e+01 
1 0 4 2 3 2 4 2 4 1 3 1 4 1 1 3 4 2 4 1 2 3 3 2 2 4 3 3 2 1 1 1 
1.290609e+03 
2.716287e+01 
1 0 4 2 3 2 4 2 4 1 3 1 4 1 1 3 4 2 4 1 2 3 3 2 2 4 3 3 2 1 1 1 
1.290609e+03 
2.716287e+01 
1 0 4 2 3 2 4 2 4 1 3 1 4 1 1 3 4 2 4 1 2 3 3 2 2 4 3 3 2 1 1 1 
1.290609e+03 
2.716287e+01 
3 0 4 2 3 2 4 2 4 1 3 1 4 1 1 3 4 2 4 1 2 3 3 2 2 4 3 3 2 1 1 1 
1.290609e+03 
2.716287e+01 
1 0 4 2 3 2 4 2 4 1 3 1 4 1 1 3 4 2 4 1 2 3 3 2 2 4 2 3 2 1 1 1 
6.522884e+02 
2.648049e+01 
1 0 4 2 3 2 4 2 4 1 3 1 4 1 1 3 4 2 4 1 2 0 3 2 2 4 3 3 2 1 1 1 
1.290609e+03 
2.716287e+01 
1 0 4 2 3 2 4 2 4 1 3 1 4 1 1 3 4 2 4 1 2 3 3 2 2 4 3 3 2 1 1 1 
1.290609e+03 
2.716287e+01 
1 0 4 2 3 2 4 2 4 1 3 1 4 1 1 3 4 2 4 1 2 3 3 2 1 4 3 3 2 1 1 1 
1.290609e+03 
2.716287e+01 
1 0 4 2 3 0 4 2 4 1 3 1 4 1 1 3 4 2 4 1 2 3 3 2 2 4 3 3 2 1 1 1 
8.496022e+02 
2.674477e+01 
1 0 4 2 3 2 4 2 4 1 3 1 4 1 3 3 4 2 4 1 2 3 3 2 2 4 3 3 2 1 1 1 
1.001753e+03 
2.690951e+01 
1 0 4 2 3 2 4 2 4 1 3 1 4 1 3 3 4 2 4 1 2 3 3 2 2 4 3 3 2 1 1 1 
1.001469e+03 
2.690922e+01 
1 0 4 2 3 2 4 2 4 1 3 1 4 1 3 3 4 2 4 1 2 3 3 2 2 4 3 3 2 1 1 1 
1.001469e+03 
2.690922e+01 
1 0 4 2 3 2 4 2 4 1 3 1 4 1 1 3 4 2 4 1 2 3 3 2 2 4 3 3 2 1 1 1 
1.290609e+03 
2.716287e+01 
1 0 4 2 3 2 4 2 4 1 3 1 4 1 1 3 4 2 4 1 2 3 3 2 2 4 3 3 2 1 1 1 
1.290609e+03 
2.716287e+01 
1 0 4 2 3 2 3 2 4 1 3 1 4 1 1 3 4 2 4 1 2 3 3 2 2 4 3 3 2 1 1 1 
1.061992e+03 
2.696790e+01 
1 0 4 2 3 2 4 2 4 1 3 1 4 1 1 3 4 2 4 1 2 3 3 2 2 4 3 3 2 1 1 1 
1.290609e+03 
2.716287e+01 
1 0 4 2 3 2 4 2 4 1 3 1 4 1 1 3 4 2 4 1 2 3 3 0 2 4 3 3 2 1 1 1 
1.290609e+03 
2.716287e+01 
1 0 4 2 3 2 4 2 4 1 3 1 4 1 1 3 4 2 0 1 2 3 3 2 2 4 3 3 2 1 1 1 
1.290609e+03 
2.716287e+01 
1 0 1 2 3 2 4 2 0 1 3 1 4 1 1 3 4 2 4 1 2 3 3 2 2 4 3 3 2 1 1 1 
1.290609e+03 
2.716287e+01 
1 0 4 2 3 2 4 2 0 1 3 1 4 1 1 3 4 2 4 1 2 3 3 2 2 4 3 3 2 1 1 1 
9.334054e+02 
2.683884e+01 
1 0 4 2 3 2 4 2 0 1 3 1 4 1 1 3 4 2 4 1 2 3 3 2 2 4 3 3 2 1 1 1 
9.334054e+02 
2.683884e+01 
1 0 4 2 3 2 4 2 0 1 3 1 4 1 1 3 4 2 4 1 3 3 3 2 2 4 3 3 2 1 1 1 
7.209692e+02 
2.658060e+01 
1 0 4 2 3 2 4 2 0 1 3 1 4 1 1 3 4 2 4 1 2 3 3 2 2 4 3 3 2 1 1 1 
9.334054e+02 
2.683884e+01 
1 0 4 2 3 2 4 2 0 1 3 1 4 1 1 1 4 2 4 1 2 3 3 2 2 4 3 3 2 1 1 1 
9.334054e+02 
2.683884e+01 
1 0 4 2 3 2 1 2 4 1 3 1 4 1 1 3 4 2 4 1 2 3 3 1 2 4 3 3 2 1 1 1 
9.334054e+02 
2.683884e+01 
1 0 4 2 3 2 4 2 4 1 3 1 4 1 1 3 4 2 4 1 2 3 3 1 2 4 3 3 2 1 1 1 
6.489263e+02 
2.647532e+01 
1 0 4 2 3 2 4 2 4 1 3 1 4 1 1 3 4 2 4 1 2 3 3 1 2 4 3 3 2 1 1 1 
1.104819e+03 
2.700744e+01 
1 0 4 2 3 2 4 2 4 1 3 1 4 1 1 3 4 2 4 1 2 3 3 1 2 4 3 3 2 1 1 1 
1.104819e+03 
2.700744e+01 
1 0 4 2 3 2 4 2 4 1 3 1 4 1 1 3 4 2 4 1 2 3 3 1 0 4 3 3 2 1 1 1 
1.104819e+03 
2.700744e+01 
1 0 4 2 3 2 4 2 4 1 3 1 4 1 1 3 4 2 4 1 2 3 3 1 2 4 3 3 2 1 1 1 
1.104819e+03 
2.700744e+01 
1 0 4 2 3 2 4 2 4 1 3 1 4 1 1 3 4 2 4 1 2 3 3 1 2 4 3 3 2 1 1 1 
8.768431e+02 
2.677633e+01 
1 0 4 2 3 2 4 2 4 1 3 1 4 1 1 3 4 2 4 1 2 3 3 1 2 4 3 3 2 1 1 1 
1.104819e+03 
2.700744e+01 
1 0 4 2 3 2 4 2 4 1 3 1 4 1 1 3 4 2 4 1 2 3 3 1 2 4 3 3 2 1 1 1 
1.104819e+03 
2.700744e+01 
1 0 4 2 3 0 4 2 4 1 3 1 4 4 1 3 4 2 4 1 2 3 3 1 2 4 3 3 2 1 1 1 
1.104819e+03 
2.700744e+01 
1 0 4 2 3 2 4 2 4 1 3 1 4 1 1 3 4 2 4 1 2 3 3 2 3 4 3 3 2 1 1 1 
9.634788e+02 
2.687055e+01 
1 0 4 2 3 2 4 2 4 1 3 1 4 1 4 3 4 2 4 1 2 3 3 1 2 4 3 3 2 1 1 1 
1.104819e+03 
2.700744e+01 
1 0 4 2 3 2 4 2 4 1 3 3 4 1 1 3 4 2 4 1 2 3 3 2 3 4 3 3 2 1 1 1 
1.224530e+03 
2.711031e+01 
1 0 4 2 3 2 4 2 4 1 3 3 4 1 1 3 4 2 4 1 2 3 3 2 3 4 3 3 2 1 1 1 
9.145732e+02 
2.681846e+01 
1 0 4 2 3 2 4 2 4 1 3 1 4 1 1 3 4 2 4 1 2 3 3 2 3 4 3 3 2 1 1 3 
1.224530e+03 
2.711031e+01 
1 3 4 2 3 3 4 3 4 1 3 2 4 1 1 3 4 2 4 1 2 3 3 1 2 4 3 3 2 1 1 1 
7.800330e+02 
2.665934e+01 
1 3 4 2 3 3 4 3 4 1 3 2 4 1 1 3 4 2 4 1 2 3 3 1 2 4 3 3 2 1 1 1 
6.678595e+02 
2.650408e+01 
1 3 4 2 3 2 4 3 4 1 3 2 4 1 1 3 4 2 4 1 2 3 3 1 2 4 3 3 2 1 1 1 
6.413077e+02 
2.646351e+01 
1 0 4 4 3 2 4 2 4 1 2 1 4 1 1 3 4 2 4 3 2 3 3 1 2 4 3 3 2 4 1 1 
6.413077e+02 
2.646351e+01 
1 0 4 2 3 2 4 2 4 1 3 1 4 1 1 3 4 2 4 3 2 3 3 1 2 4 3 3 2 1 1 1 
6.664058e+02 
2.650190e+01 
1 0 4 2 3 2 4 2 4 1 3 1 4 1 1 3 4 2 4 3 2 3 3 1 2 4 3 3 2 4 1 1 
7.685619e+02 
2.664452e+01 
1 0 4 2 3 2 4 2 4 1 3 1 4 1 1 3 4 2 4 3 2 3 3 1 2 4 3 3 2 4 1 1 
9.117590e+02 
2.681538e+01 
4 0 4 2 3 2 4 2 4 1 3 1 3 1 1 3 4 2 4 3 2 3 3 2 3 4 3 3 2 1 1 1 
7.685619e+02 
2.664452e+01 
1 0 4 2 3 2 4 2 4 1 3 1 4 1 1 3 1 2 4 3 2 3 3 1 2 4 3 3 2 4 1 1 
7.685619e+02 
2.664452e+01 
1 0 4 2 3 2 4 2 4 1 3 1 3 1 1 3 4 2 4 3 2 3 3 2 3 4 3 3 2 1 1 1 
7.685619e+02 
2.664452e+01 
1 0 4 2 3 2 4 2 4 1 3 1 3 1 1 3 4 2 4 3 2 3 3 2 3 4 3 3 2 1 1 1 
7.685619e+02 
2.664452e+01 
