1 0 4 4 3 3 1 2 1 1 3 2 4 2 1 1 1 2 3 2 2 3 1 2 3 1 4 3 2 1 1 1 
8.347777e+02 
2.672717e+01 
1 0 4 4 3 3 1 2 1 1 3 2 4 2 1 1 1 2 3 2 2 3 1 2 3 1 4 3 2 1 1 1 
4.886697e+02 
2.619169e+01 
1 0 4 4 3 3 1 2 1 1 3 2 4 2 1 1 2 2 3 2 2 3 1 2 3 1 4 3 2 1 1 1 
5.901124e+02 
2.638031e+01 
1 0 4 4 3 3 1 2 1 1 3 2 4 2 1 1 2 2 3 2 2 3 1 2 3 1 4 3 2 1 1 1 
4.886697e+02 
2.619169e+01 
1 2 4 1 3 3 1 2 1 1 3 2 4 2 1 1 1 2 2 1 2 3 1 2 3 1 4 3 2 1 1 1 
1.030353e+03 
2.693766e+01 
1 0 4 4 3 3 1 2 1 1 3 2 4 2 1 1 2 2 3 2 2 3 1 2 3 1 4 3 2 1 1 1 
1.030353e+03 
2.693766e+01 
1 2 4 4 3 3 1 2 1 1 3 2 4 2 1 1 1 2 2 2 2 3 1 2 3 1 4 3 2 1 1 1 
1.030353e+03 
2.693766e+01 
1 2 4 4 3 3 1 2 1 1 3 2 4 2 1 1 1 2 2 2 2 3 1 2 3 1 4 3 2 1 1 1 
1.030353e+03 
2.693766e+01 
1 2 4 4 3 3 1 2 1 1 3 2 4 2 1 1 1 2 2 2 2 3 1 2 3 1 4 3 2 1 1 1 
1.030353e+03 
2.693766e+01 
1 2 4 4 3 3 1 2 1 1 3 2 4 2 1 1 1 2 2 2 2 3 1 2 3 1 4 3 2 1 1 1 
8.638501e+02 
2.676140e+01 
1 2 4 4 3 3 1 2 1 1 3 2 4 2 1 1 1 2 2 2 2 3 1 2 3 1 4 3 2 1 1 1 
1.030353e+03 
2.693766e+01 
1 2 4 4 3 3 1 2 1 1 3 2 4 2 1 1 1 2 2 2 2 3 1 2 3 1 4 3 2 1 1 1 
1.030353e+03 
2.693766e+01 
1 2 4 4 3 3 1 2 1 1 3 2 4 2 1 1 1 2 2 2 2 3 1 2 3 1 4 3 2 1 1 1 
1.030353e+03 
2.693766e+01 
1 2 4 4 3 3 1 2 1 1 3 2 4 2 1 1 1 2 2 2 2 3 0 2 3 1 4 3 2 1 1 1 
1.030353e+03 
2.693766e+01 
1 2 4 4 3 3 1 2 1 1 3 2 4 2 1 1 1 2 2 2 2 3 1 2 3 1 4 3 2 1 1 1 
9.528580e+02 
2.685947e+01 
1 2 4 4 3 3 1 2 1 1 3 2 4 2 1 1 1 2 2 2 2 3 1 2 3 1 4 3 2 1 1 1 
9.528580e+02 
2.685947e+01 
1 2 4 4 3 3 1 2 1 1 3 2 4 2 1 1 1 2 2 2 2 3 1 2 3 1 4 3 2 1 1 1 
9.528580e+02 
2.685947e+01 
1 2 4 4 3 3 1 2 1 1 3 2 4 2 1 1 1 2 2 2 2 3 1 2 3 1 4 3 2 1 1 1 
3.981637e+02 
2.598686e+01 
1 2 4 4 3 3 1 2 1 1 3 2 4 2 1 1 1 2 2 2 2 3 1 2 3 1 4 3 2 1 1 1 
8.545932e+02 
2.675063e+01 
1 2 4 4 3 3 1 2 1 1 3 2 4 2 1 1 1 2 2 2 2 3 1 2 3 1 4 3 2 1 1 1 
1.030353e+03 
2.693766e+01 
1 2 4 4 3 3 1 2 1 1 3 2 4 2 1 1 1 2 2 2 2 3 1 2 3 1 4 3 2 1 1 1 
1.030353e+03 
2.693766e+01 
1 2 4 4 3 3 1 2 1 1 3 2 4 2 1 1 1 2 2 2 2 3 1 3 3 1 4 3 2 1 1 1 
1.030353e+03 
2.693766e+01 
1 2 4 4 3 3 1 2 1 1 3 2 4 2 1 1 1 2 2 2 2 3 1 3 3 1 4 3 2 1 1 1 
1.030353e+03 
2.693766e+01 
1 2 4 4 3 3 1 2 1 1 3 2 4 2 1 1 1 2 2 2 2 3 1 3 3 1 4 3 2 1 1 1 
1.030353e+03 
2.693766e+01 
1 1 4 4 3 3 1 2 1 1 3 2 4 2 1 1 1 2 2 2 2 3 1 2 3 1 4 3 2 1 1 1 
1.030353e+03 
2.693766e+01 
1 2 4 4 3 3 1 2 1 1 3 2 4 2 1 1 1 2 2 2 2 3 1 2 3 1 4 3 2 1 1 1 
1.030353e+03 
2.693766e+01 
1 2 4 4 3 3 1 2 1 1 3 2 4 2 1 1 1 2 2 2 2 3 1 2 3 1 4 3 2 1 1 1 
7.861737e+02 
2.666718e+01 
1 2 4 4 3 3 1 2 1 1 3 2 4 2 1 1 1 2 2 2 2 3 1 2 3 1 4 3 2 1 1 1 
1.030353e+03 
2.693766e+01 
1 2 4 4 3 3 1 2 1 1 3 2 4 2 1 1 1 2 2 2 2 0 1 2 3 1 4 3 2 1 1 1 
1.030353e+03 
2.693766e+01 
1 2 4 4 3 3 1 2 1 1 3 2 4 2 1 1 1 2 2 2 2 3 1 2 3 1 4 3 2 1 1 1 
2.058251e+02 
2.532703e+01 
1 2 4 4 3 3 1 2 1 1 3 2 4 2 1 1 1 2 2 2 2 3 1 2 3 1 4 3 2 1 1 1 
1.030353e+03 
2.693766e+01 
1 2 4 4 3 3 1 2 1 1 3 2 4 2 1 1 1 2 2 2 2 3 1 2 3 1 4 3 2 1 1 1 
9.858333e+02 
2.689349e+01 
1 2 4 4 3 3 1 2 1 1 3 2 4 2 1 1 1 2 2 2 2 3 1 2 3 1 4 3 2 1 1 1 
1.030353e+03 
2.693766e+01 
4 2 4 4 3 3 1 2 1 1 3 2 4 2 1 1 1 2 2 2 2 3 1 2 3 1 4 3 2 1 1 1 
7.481855e+02 
2.661765e+01 
0 2 4 3 3 3 1 2 1 1 3 2 4 2 1 1 1 2 2 2 2 3 1 2 3 1 4 3 2 1 1 1 
1.030353e+03 
2.693766e+01 
1 2 4 3 3 3 1 2 1 1 3 2 4 2 1 1 1 2 2 2 2 3 1 2 3 1 4 3 2 1 1 1 
1.030353e+03 
2.693766e+01 
1 2 4 4 3 3 1 2 1 1 3 2 4 3 1 1 1 2 2 2 2 3 1 2 3 1 4 3 2 1 1 1 
6.407134e+02 
2.646258e+01 
1 2 4 4 3 3 1 2 1 1 3 2 4 3 1 1 1 2 2 2 2 3 1 2 3 1 4 3 2 1 1 1 
6.407134e+02 
2.646258e+01 
1 2 4 4 3 3 1 2 1 1 3 2 4 3 1 1 1 2 2 2 2 3 1 2 3 1 4 3 2 1 1 1 
6.407134e+02 
2.646258e+01 
1 2 4 4 3 3 1 3 1 1 3 2 4 2 1 1 1 2 2 2 2 3 1 2 3 1 4 3 2 1 1 1 
1.030353e+03 
2.693766e+01 
1 2 4 4 3 3 1 3 1 1 3 2 4 2 1 1 1 2 2 2 2 3 1 2 3 1 4 3 2 1 1 1 
1.030353e+03 
2.693766e+01 
1 2 4 4 3 3 1 3 1 1 3 2 4 2 1 1 1 2 2 2 2 3 1 2 3 1 4 3 2 1 1 1 
1.030353e+03 
2.693766e+01 
1 2 4 4 3 3 1 2 1 1 3 2 4 2 1 1 1 3 2 2 2 1 1 2 3 1 4 3 2 1 1 1 
1.030353e+03 
2.693766e+01 
1 2 4 4 3 3 1 2 1 1 3 2 4 2 1 1 1 2 2 2 2 3 1 2 3 1 4 3 2 1 1 1 
1.030353e+03 
2.693766e+01 
1 2 4 4 3 3 1 2 1 1 3 2 4 2 1 1 1 2 2 2 2 3 1 2 3 1 4 3 2 1 1 1 
7.481855e+02 
2.661765e+01 
1 2 4 4 3 3 1 2 1 1 3 2 4 2 1 1 1 3 2 2 2 1 1 2 3 1 4 3 2 1 1 1 
8.545932e+02 
2.675063e+01 
1 2 4 4 3 3 1 2 1 1 3 2 4 2 1 1 1 2 2 2 2 3 1 2 3 1 4 3 2 1 1 1 
1.030353e+03 
2.693766e+01 
1 2 4 4 3 3 1 2 1 1 3 2 4 3 1 1 1 2 2 2 2 3 1 2 3 1 4 3 2 1 1 1 
1.030353e+03 
2.693766e+01 
1 2 4 4 3 3 1 3 1 1 3 2 4 2 1 1 1 2 2 2 2 3 1 2 3 1 4 3 2 1 1 1 
1.030353e+03 
2.693766e+01 
1 1 0 4 3 3 1 2 1 1 3 2 4 2 1 1 1 2 2 2 2 3 1 2 3 1 4 3 2 1 1 1 
1.030353e+03 
2.693766e+01 
1 2 4 4 3 3 1 2 1 1 3 2 4 4 1 1 1 2 2 2 2 3 1 2 3 1 4 3 2 1 1 1 
1.030353e+03 
2.693766e+01 
1 2 4 3 3 1 1 2 1 1 3 2 4 2 1 1 1 2 2 2 2 3 1 2 3 1 4 3 2 1 1 1 
5.311392e+02 
2.627502e+01 
1 2 4 3 3 1 1 2 1 1 3 2 4 2 1 1 1 2 2 2 2 3 1 2 3 1 4 3 2 1 1 1 
7.007451e+02 
2.655214e+01 
1 2 4 3 3 1 1 2 1 1 3 4 4 2 1 1 1 2 2 2 2 3 1 2 3 1 4 3 2 1 1 1 
7.007451e+02 
2.655214e+01 
1 2 4 3 3 1 1 2 1 1 3 2 4 2 1 1 1 2 2 2 2 3 1 2 3 1 4 3 2 1 1 1 
7.007451e+02 
2.655214e+01 
1 2 4 1 3 3 1 2 1 1 3 2 4 2 1 2 1 2 2 3 2 3 1 2 3 1 4 3 2 1 1 1 
7.007451e+02 
2.655214e+01 
1 2 4 1 3 3 1 2 1 1 3 2 4 2 1 2 1 2 2 2 2 3 1 2 3 1 4 3 2 1 1 1 
8.877048e+02 
2.678864e+01 
1 2 4 1 3 3 1 2 1 1 3 2 4 2 1 2 1 2 2 2 2 3 1 2 3 1 4 3 2 1 1 1 
4.774628e+02 
2.616849e+01 
1 2 2 3 3 3 1 2 1 1 3 2 4 3 1 1 1 2 2 2 2 3 1 2 3 4 4 3 2 1 1 1 
8.671064e+02 
2.676516e+01 
1 3 2 3 3 3 1 2 1 1 3 2 4 2 1 1 1 2 2 2 2 3 1 2 3 1 4 3 2 1 1 1 
8.877048e+02 
2.678864e+01 
1 3 2 3 3 3 1 2 1 1 3 2 4 2 1 1 1 2 2 2 2 3 1 2 3 4 4 3 2 1 1 1 
7.848357e+02 
2.666547e+01 
1 2 2 3 3 3 2 2 1 1 3 2 4 2 1 1 1 2 2 2 2 3 1 2 3 4 4 3 2 1 1 1 
7.848357e+02 
2.666547e+01 
1 2 4 3 3 3 1 2 1 1 3 2 4 2 1 1 1 2 2 2 2 3 1 2 3 4 4 3 2 1 1 1 
5.924434e+02 
2.638426e+01 
1 2 4 4 3 3 1 2 1 1 3 0 4 2 1 1 1 2 2 2 2 3 1 2 3 4 4 3 2 1 1 1 
7.848357e+02 
2.666547e+01 
1 2 4 4 3 3 1 2 1 1 3 2 4 2 1 1 1 2 2 2 2 3 1 2 3 4 4 3 2 1 1 1 
7.940404e+02 
2.667713e+01 
1 2 4 4 3 3 1 2 1 1 3 2 4 2 1 1 1 2 2 2 2 3 1 2 3 4 4 3 2 1 1 2 
4.299365e+02 
2.606364e+01 
1 2 4 4 3 3 1 2 1 1 3 2 4 2 1 1 1 2 2 2 2 3 1 2 3 4 4 3 2 1 1 1 
7.940404e+02 
2.667713e+01 
1 2 4 4 3 3 1 2 1 1 3 2 4 2 1 1 1 2 2 2 2 3 1 2 3 4 4 3 2 1 1 1 
1.049311e+03 
2.695589e+01 
1 3 4 4 3 3 1 2 1 1 3 2 4 2 1 1 1 2 2 2 2 3 1 2 3 4 4 3 2 1 1 1 
1.049311e+03 
2.695589e+01 
1 2 4 4 3 3 1 2 1 1 3 2 4 2 1 1 1 2 2 2 2 3 1 2 3 4 4 3 2 1 1 1 
1.049311e+03 
2.695589e+01 
1 2 4 4 3 3 1 2 1 1 3 2 4 2 1 1 1 2 2 2 2 3 3 2 3 4 4 3 2 1 1 1 
8.093817e+02 
2.669627e+01 
1 2 4 4 3 3 1 1 1 1 3 2 4 2 1 1 1 2 2 2 2 3 1 2 3 4 4 3 2 1 1 1 
1.049311e+03 
2.695589e+01 
1 2 4 4 3 3 1 2 1 1 3 2 4 2 1 1 1 2 2 2 2 3 1 2 3 4 4 3 2 1 1 1 
1.049311e+03 
2.695589e+01 
1 2 3 4 3 3 1 2 1 1 3 2 4 2 1 1 1 2 2 2 2 3 3 2 3 4 4 3 2 1 1 1 
1.049311e+03 
2.695589e+01 
1 2 3 4 3 3 1 2 1 1 3 2 4 2 1 1 1 2 2 2 2 3 1 2 3 2 4 3 2 1 1 1 
1.049311e+03 
2.695589e+01 
1 2 3 4 3 3 1 2 1 1 3 2 4 2 1 1 1 2 2 2 2 3 1 2 3 4 4 3 2 1 1 1 
8.883406e+02 
2.678936e+01 
1 2 3 4 3 3 1 2 1 1 3 2 4 2 1 1 1 2 2 2 3 3 1 2 3 4 4 3 2 1 1 1 
8.370260e+02 
2.672986e+01 
1 2 4 4 3 3 1 2 1 1 3 2 4 2 1 1 1 2 2 2 2 3 1 2 3 4 4 3 2 1 1 1 
5.186285e+02 
2.625119e+01 
1 2 4 4 3 3 1 2 1 1 3 2 4 2 1 1 1 2 2 2 3 3 1 2 3 4 4 3 2 1 1 1 
8.370260e+02 
2.672986e+01 
1 2 4 4 3 3 1 2 1 1 3 2 3 2 4 1 1 2 2 3 2 3 1 2 3 4 3 3 2 1 1 1 
7.346583e+02 
2.659941e+01 
1 2 4 4 3 3 1 2 1 1 3 2 3 2 1 1 1 2 2 3 2 3 1 2 3 4 3 3 2 1 1 1 
1.049311e+03 
2.695589e+01 
1 2 4 4 3 3 1 2 1 1 3 2 3 2 1 1 1 2 2 3 2 3 1 2 3 4 3 3 2 1 1 1 
5.310382e+02 
2.627483e+01 
1 2 4 4 3 3 1 2 1 1 3 2 4 2 1 1 1 2 2 3 2 3 1 2 3 4 4 3 2 1 1 1 
5.310382e+02 
2.627483e+01 
1 2 4 4 3 3 1 2 1 1 3 2 4 2 1 1 1 2 2 3 2 3 1 2 3 4 4 3 2 1 1 1 
1.049311e+03 
2.695589e+01 
1 2 4 4 3 3 1 3 1 1 3 2 4 2 1 1 1 2 2 2 2 3 1 2 3 4 4 3 2 1 1 1 
7.767963e+02 
2.665518e+01 
1 2 4 4 3 3 1 3 1 1 3 2 4 2 1 1 1 2 2 2 2 3 1 2 3 4 4 3 2 1 1 1 
7.767963e+02 
2.665518e+01 
3 2 4 0 3 3 1 2 1 1 3 2 4 2 1 1 1 2 2 2 2 3 1 2 3 4 4 3 2 1 1 1 
6.103713e+02 
2.641407e+01 
3 2 4 0 3 3 1 2 1 1 3 2 4 2 1 1 1 2 2 2 2 3 1 2 3 4 4 3 2 1 1 1 
7.925832e+02 
2.667530e+01 
1 2 4 0 3 3 1 3 1 1 3 2 4 2 1 1 1 2 2 2 2 3 1 2 3 4 4 3 2 1 1 1 
9.511007e+02 
2.685762e+01 
1 3 4 0 3 3 1 2 1 1 3 2 4 2 1 1 1 2 2 2 2 3 1 2 3 4 4 3 2 1 1 1 
9.511007e+02 
2.685762e+01 
1 2 4 0 3 3 1 2 1 1 3 2 4 2 1 1 1 2 2 2 2 3 1 2 3 4 4 3 2 1 1 1 
9.511007e+02 
2.685762e+01 
1 2 4 0 3 3 1 2 1 1 3 2 4 2 1 1 1 2 2 2 2 3 1 2 3 4 4 3 2 1 1 1 
9.511007e+02 
2.685762e+01 
1 2 4 0 3 3 1 2 1 1 3 2 4 2 1 1 1 4 2 2 2 3 1 2 3 4 4 3 2 1 1 1 
9.511007e+02 
2.685762e+01 
1 2 4 0 3 3 1 2 1 1 3 2 4 2 1 1 1 2 2 2 2 3 1 4 3 4 4 3 2 1 1 1 
9.511007e+02 
2.685762e+01 
1 2 4 0 3 3 1 2 1 1 3 2 4 2 1 1 1 2 2 2 2 3 1 2 3 4 4 3 2 1 1 1 
9.511007e+02 
2.685762e+01 
1 2 4 0 3 3 1 2 1 1 3 2 4 2 1 1 1 2 2 2 2 3 1 2 3 4 4 3 2 1 1 1 
9.511007e+02 
2.685762e+01 
1 2 4 0 3 3 1 2 1 1 3 2 4 2 1 1 1 2 2 2 2 3 1 2 3 4 4 3 2 1 1 1 
9.511007e+02 
2.685762e+01 
1 2 4 0 3 3 1 2 1 1 3 2 4 2 1 1 1 2 2 2 2 3 1 2 3 4 4 3 2 1 1 1 
9.511007e+02 
2.685762e+01 
1 2 4 0 3 3 1 2 1 1 3 2 4 2 1 1 1 2 2 2 2 3 1 2 3 4 4 3 2 1 1 1 
9.511007e+02 
2.685762e+01 
1 2 4 0 3 3 1 2 1 1 3 2 4 2 1 1 1 2 2 2 2 3 1 2 3 4 4 3 2 1 1 1 
9.511007e+02 
2.685762e+01 
