i=47000 
1 4 3 0 2 0 3 1 4 3 2 1 4 3 3 4 1 2 1 0 3 1 3 4 4 4 2 2 0 2 2 2 
2.987163e+03 
1 1 3 0 2 0 3 1 4 3 2 1 4 3 3 4 1 2 1 0 3 1 3 4 4 4 2 2 0 2 2 2 
2.987163e+03 
3 4 3 0 2 0 3 1 4 3 2 1 4 3 3 4 1 2 1 0 3 1 3 4 4 4 2 2 0 2 2 2 
2.987163e+03 
1 4 3 0 2 0 3 1 4 3 2 1 4 3 3 4 1 2 1 0 1 1 3 4 4 4 2 2 0 2 2 2 
2.987163e+03 
1 4 3 0 2 0 3 1 4 3 2 1 4 3 3 4 1 2 1 0 3 1 3 4 4 4 2 2 0 2 2 2 
2.996433e+01 
1 4 3 0 2 0 3 1 4 3 2 1 4 3 3 4 1 2 1 0 3 1 3 3 4 4 2 2 0 2 2 2 
2.987163e+03 
1 4 3 0 2 0 3 1 4 3 2 1 4 3 3 4 1 2 1 0 3 1 3 4 4 4 2 2 0 2 2 2 
1.190841e+00 
1 4 3 0 2 0 3 1 4 3 2 1 4 3 3 4 1 2 1 0 3 1 3 4 4 4 2 2 0 2 2 2 
2.987163e+03 
1 4 3 0 2 0 3 1 4 3 2 1 4 3 3 4 1 2 1 0 3 1 3 4 4 4 2 2 0 2 2 2 
2.987163e+03 
1 4 3 0 2 0 3 1 4 3 2 1 4 3 3 4 1 2 1 0 3 1 3 4 4 4 2 2 0 2 2 2 
2.987163e+03 
1 4 3 0 2 0 3 1 4 3 2 1 4 3 3 4 1 2 1 0 3 1 3 4 4 4 2 2 0 2 2 2 
2.987163e+03 
1 4 3 0 2 0 3 1 4 3 2 1 4 3 3 4 1 2 1 0 3 1 3 4 4 4 2 2 0 2 2 2 
2.987163e+03 
1 4 3 0 2 0 3 1 4 3 2 1 4 3 3 4 1 2 1 0 3 1 3 4 4 4 2 2 0 2 2 2 
2.987163e+03 
1 4 3 0 2 0 3 1 4 3 2 1 4 3 3 4 1 2 1 0 3 1 3 4 4 4 2 2 0 2 2 2 
2.987163e+03 
1 4 3 0 2 0 3 1 4 3 2 1 4 3 3 4 1 2 1 0 3 1 3 4 4 4 2 2 0 2 2 2 
2.987163e+03 
1 4 3 0 2 0 3 1 4 3 2 1 4 3 3 4 1 2 1 0 3 1 3 4 4 4 2 2 0 2 2 2 
2.987163e+03 
1 4 3 0 2 0 3 1 4 3 2 1 4 3 3 4 1 2 1 0 3 1 3 4 4 4 2 2 0 2 2 2 
2.987163e+03 
1 4 3 0 2 0 3 1 4 3 2 1 4 3 3 4 1 2 1 0 3 1 3 4 4 4 2 2 0 2 2 2 
2.987163e+03 
1 4 3 0 2 0 3 1 4 3 2 1 4 3 3 4 1 2 1 0 3 1 3 4 4 4 2 2 0 2 2 2 
2.987163e+03 
1 4 4 0 2 0 3 1 4 3 2 1 4 3 3 4 1 2 1 0 3 1 3 4 4 4 2 2 0 2 2 2 
2.987163e+03 
1 4 3 0 2 0 3 1 4 3 2 1 4 3 3 4 1 2 1 0 3 1 3 4 4 4 2 2 0 2 2 2 
2.987163e+03 
1 4 3 0 2 0 3 1 4 3 2 1 4 3 3 4 1 2 1 0 3 1 3 4 4 4 2 2 0 2 2 2 
2.987163e+03 
1 4 3 0 2 0 3 1 4 3 2 1 4 3 3 4 1 2 1 0 3 1 3 4 4 4 2 2 0 2 2 2 
2.987163e+03 
1 4 3 0 2 0 3 1 4 3 2 1 4 3 3 4 1 2 1 0 1 1 3 4 4 4 2 2 0 2 2 2 
2.987163e+03 
1 4 3 0 2 0 3 1 4 3 2 1 4 3 3 4 1 2 1 0 3 1 3 4 4 4 2 2 0 2 2 2 
2.987163e+03 
1 4 3 0 2 0 3 1 4 3 2 1 4 3 3 4 1 2 1 0 3 1 3 4 4 4 2 2 0 2 2 2 
2.987163e+03 
1 4 3 0 2 0 3 1 4 3 2 1 4 3 3 4 1 2 1 0 3 1 3 4 4 4 2 2 0 2 2 2 
2.608049e-01 
1 4 3 0 2 0 3 1 4 3 2 1 4 3 3 4 1 2 4 0 3 1 3 4 4 4 2 2 0 2 2 2 
2.136600e-04 
1 4 3 2 2 0 3 1 4 3 2 1 4 3 3 4 1 2 1 0 3 1 3 4 4 4 2 2 0 2 2 2 
1.190841e+00 
1 4 3 0 2 0 3 1 4 3 2 1 4 3 3 4 1 2 1 0 3 1 3 4 4 4 2 2 0 2 2 2 
2.987163e+03 
1 4 3 0 2 0 3 1 4 3 2 1 4 3 3 4 1 2 1 0 3 1 3 4 4 4 2 2 0 2 2 2 
3.075809e+01 
1 4 3 0 2 0 3 1 4 3 2 1 4 3 3 4 1 2 1 0 3 1 3 4 4 4 2 3 0 2 2 2 
2.987163e+03 
1 4 3 0 2 0 3 1 4 3 2 1 4 3 3 4 1 2 1 0 3 1 3 4 4 4 2 2 0 2 2 2 
2.987163e+03 
1 4 3 0 2 0 3 1 4 3 2 1 4 3 3 4 1 2 1 0 3 1 3 4 4 4 2 2 0 2 2 2 
2.987163e+03 
1 4 3 0 2 0 3 1 4 3 2 1 4 3 3 4 1 2 1 0 3 1 3 4 4 4 2 2 0 2 2 2 
6.601373e-03 
1 4 3 0 2 0 3 1 4 3 2 1 4 3 3 4 1 2 1 0 3 1 3 4 4 4 2 2 0 2 2 2 
2.987163e+03 
1 4 3 0 2 0 3 1 4 3 2 1 4 3 3 4 1 2 1 0 3 1 3 4 4 4 2 2 0 2 2 2 
2.987163e+03 
1 4 3 0 2 0 3 1 4 3 2 1 4 3 3 4 1 2 1 0 3 1 3 4 4 4 2 2 0 1 2 2 
2.987163e+03 
1 4 3 0 2 0 3 1 4 3 2 1 4 3 3 4 1 2 1 0 3 1 3 4 4 4 2 2 4 2 2 2 
2.987163e+03 
1 4 3 0 2 0 3 1 1 3 2 1 4 3 3 4 1 2 1 0 3 1 3 4 4 4 2 2 0 2 2 2 
2.987163e+03 
1 4 3 0 2 0 3 1 4 3 2 1 4 3 3 4 1 2 1 0 3 1 3 4 4 4 2 2 0 2 2 2 
3.567610e-04 
1 4 3 0 2 0 3 1 4 3 2 1 4 3 3 4 1 2 1 0 3 1 3 4 4 4 2 2 0 2 2 2 
2.987163e+03 
1 4 3 0 2 0 3 1 4 3 2 1 4 3 3 4 1 2 1 0 3 1 3 4 4 4 2 2 0 2 2 2 
2.987163e+03 
1 4 3 0 2 0 3 1 4 3 2 1 4 3 3 4 1 2 1 0 3 1 1 4 4 4 2 2 0 2 2 2 
2.987163e+03 
1 4 3 0 2 0 3 1 4 3 2 1 4 3 3 4 1 2 1 0 3 1 3 4 4 4 2 2 0 2 2 2 
1.940717e-04 
1 4 3 0 2 0 3 1 4 3 2 1 4 3 3 4 1 2 1 0 3 1 3 4 4 4 2 2 0 2 2 2 
2.987163e+03 
1 4 3 0 2 0 3 1 4 3 2 1 4 3 3 4 1 2 1 0 3 1 3 4 4 4 2 2 0 2 2 2 
2.987163e+03 
1 4 3 0 2 0 3 1 4 3 2 1 4 3 3 4 1 2 1 0 3 1 3 4 4 4 2 2 0 2 2 2 
2.987163e+03 
1 4 3 0 2 0 3 1 4 3 2 1 4 3 3 4 1 2 1 0 3 1 3 4 4 4 2 2 0 2 2 2 
5.257914e+01 
1 4 3 0 2 0 3 1 4 3 2 1 4 3 3 4 1 2 1 0 3 1 3 4 4 4 2 2 0 2 2 2 
2.987163e+03 
1 4 3 0 2 0 3 1 4 3 2 1 4 3 3 4 1 2 1 0 3 1 3 4 4 4 2 2 0 2 2 2 
2.987163e+03 
1 4 3 0 2 0 3 1 4 3 2 1 4 3 3 4 1 2 1 0 3 1 3 4 4 4 2 2 0 2 2 2 
2.987163e+03 
1 4 3 0 2 0 3 1 4 3 2 1 4 3 3 4 1 2 1 0 3 1 3 4 4 4 2 2 0 2 2 2 
2.987163e+03 
1 4 3 0 2 0 3 1 4 3 2 0 4 3 3 4 1 2 1 0 3 1 3 4 4 4 2 2 0 2 2 2 
2.987163e+03 
1 4 3 0 2 0 3 1 4 3 2 1 4 3 3 4 1 2 1 0 3 1 3 4 4 4 2 2 0 2 2 2 
1.953221e+01 
1 4 3 0 2 0 3 1 4 3 2 1 4 3 3 4 1 2 1 0 3 1 3 4 4 4 2 2 0 2 2 2 
2.987163e+03 
1 4 3 0 2 0 3 1 4 3 2 1 4 3 3 4 1 2 1 0 3 1 3 4 4 4 2 2 0 2 2 2 
2.987163e+03 
1 4 3 0 2 0 3 1 4 3 2 1 4 3 3 4 1 2 1 0 3 1 3 4 4 4 2 2 0 2 2 2 
4.012340e+01 
1 4 3 0 2 0 3 1 4 3 2 1 4 3 4 4 1 2 1 0 3 1 3 4 4 4 2 2 0 2 2 2 
2.987163e+03 
1 4 3 0 2 0 3 1 4 3 2 1 4 3 3 4 1 2 1 0 3 1 3 4 4 4 2 2 0 2 2 2 
2.987163e+03 
1 4 3 0 2 0 3 1 4 3 2 1 4 3 3 4 1 2 1 0 3 1 2 4 4 4 2 2 0 2 2 2 
1.293170e+01 
1 4 3 0 2 0 3 1 4 3 2 1 4 3 3 4 1 2 1 0 3 1 3 4 4 4 2 2 0 2 2 2 
2.987163e+03 
4 4 3 0 2 0 3 1 4 3 2 1 4 3 3 4 1 2 1 0 3 1 3 4 4 4 2 2 0 2 2 2 
2.987163e+03 
1 4 1 0 2 0 3 1 4 3 2 1 4 3 3 4 1 2 1 0 3 1 3 4 4 4 2 2 0 2 2 2 
2.987163e+03 
1 4 3 0 2 0 3 1 4 3 2 1 4 3 3 4 1 2 1 0 3 1 3 4 4 4 2 2 0 2 2 2 
2.987163e+03 
1 4 3 0 2 0 3 1 4 3 2 1 4 3 3 4 1 2 1 0 3 1 3 4 4 4 2 2 0 2 2 2 
5.079573e+00 
1 4 3 0 2 0 3 1 4 3 2 1 4 3 3 4 1 2 1 0 3 1 3 4 4 4 2 2 0 2 2 2 
2.250617e+01 
1 4 3 0 2 0 3 1 4 3 2 1 4 3 3 4 1 2 1 0 3 1 3 4 4 4 2 2 0 2 2 2 
2.987163e+03 
0 4 3 0 2 0 3 1 4 3 2 1 4 3 3 4 1 2 1 0 3 1 3 4 4 4 2 2 0 2 2 2 
2.987163e+03 
1 4 3 0 2 0 3 1 4 3 2 1 4 3 3 4 1 2 1 0 3 1 3 4 4 4 2 2 0 2 2 2 
2.896846e+01 
1 4 3 0 2 0 3 1 4 3 2 1 4 3 3 4 1 2 1 0 3 1 3 4 4 4 2 2 0 2 2 2 
2.987163e+03 
1 4 3 0 2 0 3 1 4 3 2 1 4 3 3 4 1 2 1 0 3 1 3 4 4 4 2 2 0 2 2 2 
2.987163e+03 
1 4 3 0 2 0 3 1 4 3 2 1 4 3 3 4 1 2 1 0 3 1 3 4 4 4 2 2 0 2 2 2 
2.987163e+03 
1 4 3 0 2 0 3 1 4 3 2 1 4 3 3 4 1 2 1 0 3 1 3 4 4 4 2 2 0 2 2 2 
1.190841e+00 
1 4 3 0 2 0 3 1 4 3 2 1 4 3 3 4 1 2 1 0 3 1 3 4 4 4 2 2 0 2 2 2 
2.987163e+03 
1 4 3 0 2 0 3 1 4 3 2 1 4 3 3 4 1 2 1 0 3 1 3 4 3 4 2 2 0 2 2 2 
2.987163e+03 
1 4 3 0 2 0 3 1 4 3 2 1 4 3 3 4 1 2 1 0 3 1 3 4 4 4 2 2 0 2 2 2 
2.987163e+03 
1 4 3 0 2 0 3 1 4 3 2 1 4 3 3 4 1 2 1 0 3 1 3 4 4 4 2 2 0 2 2 2 
3.866974e+01 
1 4 3 0 2 0 3 1 4 3 2 1 4 3 3 4 1 2 1 0 3 1 3 4 4 4 2 2 0 2 2 2 
2.987163e+03 
1 4 3 0 2 0 3 1 4 3 2 1 4 3 3 4 1 2 1 0 3 1 3 4 4 4 2 2 0 2 2 2 
2.987163e+03 
1 4 3 0 2 0 3 1 4 3 2 1 4 3 3 4 1 2 1 0 3 1 3 4 4 4 2 2 0 2 2 2 
2.987163e+03 
1 4 3 0 2 0 3 1 4 3 2 1 4 3 3 4 1 2 1 0 3 1 3 4 4 4 2 2 0 2 2 2 
4.974252e-01 
1 4 3 0 2 0 3 1 3 3 2 1 4 3 3 4 1 2 1 0 3 1 3 4 4 4 2 2 0 2 2 2 
3.624667e+02 
1 4 3 0 2 0 3 1 4 3 2 1 4 3 3 4 1 2 1 0 3 1 3 4 4 4 2 2 0 2 2 2 
2.987163e+03 
1 4 3 0 2 0 3 1 4 3 2 1 4 3 3 4 1 2 1 0 3 1 3 4 4 4 2 2 0 2 2 2 
3.624667e+02 
1 4 3 0 2 0 3 1 4 3 2 1 4 3 3 4 1 2 1 0 3 1 3 4 4 4 2 2 0 2 2 2 
2.996433e+01 
1 4 3 0 2 0 3 1 4 3 0 1 4 3 3 4 1 2 1 0 3 1 3 4 4 4 2 2 0 2 2 2 
2.987163e+03 
1 4 3 0 2 0 3 1 4 3 2 1 4 3 3 4 1 2 1 0 3 1 3 4 4 4 2 2 0 2 2 3 
2.987163e+03 
1 4 3 0 2 0 3 1 4 3 2 1 4 3 3 4 1 2 1 0 3 1 3 4 4 4 2 2 0 2 2 2 
2.987163e+03 
1 4 3 0 2 0 3 1 4 3 2 1 4 3 3 4 1 2 1 0 3 1 4 4 4 4 2 2 0 2 2 2 
2.987163e+03 
1 4 3 0 2 0 3 1 4 3 2 1 4 3 3 4 1 3 1 0 3 1 3 4 4 4 2 2 0 2 2 2 
2.987163e+03 
1 4 3 0 2 0 3 1 4 3 2 1 4 3 3 4 1 2 1 0 3 1 3 4 4 4 2 2 0 2 2 2 
2.987163e+03 
1 4 3 0 2 0 3 1 4 3 2 1 4 3 3 4 1 2 1 0 3 1 3 4 4 4 2 2 0 2 2 2 
2.987163e+03 
1 4 3 0 2 0 3 1 4 3 2 1 4 3 3 4 1 2 1 0 3 1 3 4 4 4 2 2 0 2 2 2 
3.624667e+02 
1 4 3 0 2 0 3 1 4 3 2 1 4 3 3 4 1 2 1 0 3 1 3 4 4 4 2 2 0 2 2 2 
3.567610e-04 
1 4 3 0 2 0 3 1 4 3 2 1 4 3 3 4 1 2 1 0 3 1 3 4 4 4 2 2 0 2 2 2 
2.276294e+01 
1 4 3 0 2 0 3 1 4 3 2 1 4 3 3 4 1 2 1 0 3 1 3 4 4 4 2 2 0 2 2 2 
1.940717e-04 
1 4 3 0 2 4 3 1 4 3 2 1 4 3 3 4 1 2 1 0 3 1 3 4 4 4 2 2 0 2 2 2 
3.624667e+02 
1 4 3 0 2 0 3 1 4 3 1 1 4 3 3 4 1 2 1 0 3 1 3 4 4 4 2 2 0 2 2 2 
2.987163e+03 
1 4 3 0 2 0 3 1 4 3 2 1 4 3 3 4 1 2 1 0 3 1 3 4 4 4 2 2 0 2 2 2 
2.987163e+03 
