i=34000 
1 4 3 0 2 0 3 1 4 3 2 1 4 3 3 4 1 2 1 0 3 1 3 4 4 4 2 2 0 2 2 2 
2.987163e+03 
1 4 3 0 2 0 3 1 4 3 2 1 4 3 3 4 1 2 1 0 3 1 3 4 4 4 2 2 0 2 2 2 
2.987163e+03 
1 4 3 0 2 0 3 1 4 3 2 1 4 3 3 4 1 2 1 0 3 1 3 4 4 4 2 2 0 2 2 2 
2.987163e+03 
1 4 3 0 2 0 3 1 4 3 2 1 4 3 3 2 1 2 1 0 3 1 3 4 4 4 2 2 0 2 2 2 
3.624667e+02 
1 4 3 0 2 0 3 1 4 4 2 1 4 3 3 4 1 2 1 0 3 1 3 4 4 4 2 2 0 2 2 2 
2.987163e+03 
1 4 3 0 2 0 3 1 4 3 2 1 4 3 3 4 1 2 1 0 3 1 3 4 4 4 2 2 0 2 2 2 
2.987163e+03 
1 4 3 0 2 0 3 1 4 3 2 3 4 3 3 4 1 2 1 0 3 1 3 4 4 4 2 2 0 2 2 2 
4.044551e+01 
1 4 3 0 3 0 3 1 4 3 2 1 4 3 3 4 1 2 1 0 3 1 3 4 4 4 2 2 0 2 2 2 
7.204928e+00 
1 4 3 0 2 0 3 1 4 3 2 1 4 3 3 4 1 2 1 0 3 1 3 4 4 4 2 2 0 2 2 2 
5.428475e-02 
1 4 3 0 2 0 3 1 4 3 2 1 4 3 3 4 1 2 1 0 3 1 3 4 4 4 2 2 0 2 2 2 
2.987163e+03 
1 4 3 0 2 0 3 1 4 3 2 1 4 3 3 4 1 2 1 0 3 1 3 4 4 4 2 2 0 2 2 2 
2.987163e+03 
1 4 3 0 2 0 3 1 4 3 2 1 4 3 3 4 1 2 1 0 3 1 3 4 4 4 2 2 0 2 2 2 
2.987163e+03 
1 4 3 0 2 0 3 1 4 3 2 1 4 3 3 4 1 2 1 0 3 1 3 4 4 4 2 2 0 2 2 2 
2.987163e+03 
1 4 3 0 2 0 3 1 4 3 2 1 4 3 3 4 1 2 1 0 3 1 3 4 4 4 2 2 0 2 2 2 
2.987163e+03 
1 4 3 0 2 0 3 1 4 3 2 1 4 3 3 4 1 2 1 0 3 1 3 4 4 4 2 2 3 2 2 2 
2.987163e+03 
1 4 3 0 2 0 3 1 4 3 2 1 4 3 3 4 1 2 1 0 3 1 3 4 4 4 2 2 0 2 2 2 
2.987163e+03 
1 4 3 0 2 0 3 1 4 3 2 1 4 3 3 4 1 2 1 0 3 1 3 4 4 4 2 2 0 2 2 2 
2.987163e+03 
1 4 3 0 2 0 3 1 4 3 2 1 4 3 3 4 1 2 1 0 3 1 3 4 4 4 2 2 0 2 2 2 
2.987163e+03 
1 4 3 0 2 0 3 1 4 3 2 1 4 3 3 4 1 2 1 0 3 1 3 4 4 4 2 2 0 2 2 2 
5.038099e+01 
1 4 3 0 2 0 3 1 4 3 2 1 4 3 3 4 1 2 1 0 3 1 3 4 4 4 2 2 3 2 2 2 
2.987163e+03 
1 4 3 0 2 0 3 1 4 3 2 1 0 3 3 4 1 2 1 0 3 1 3 4 4 4 2 2 0 2 2 2 
3.866974e+01 
1 4 3 0 2 0 3 1 4 3 2 1 4 3 3 4 1 2 1 0 3 1 3 4 4 4 2 2 0 2 2 2 
2.987163e+03 
1 4 3 0 2 0 3 1 4 3 2 1 4 3 3 4 1 2 1 0 3 1 3 4 4 4 2 2 0 2 2 2 
2.987163e+03 
1 4 3 0 0 0 3 1 4 3 2 1 4 3 3 4 1 2 1 0 3 1 3 4 4 4 2 2 0 2 2 2 
2.987163e+03 
1 4 3 0 2 0 3 3 4 3 2 1 4 3 3 4 1 2 1 0 3 1 3 4 4 4 2 2 0 2 2 2 
2.987163e+03 
1 4 3 0 2 0 3 1 4 3 2 1 4 3 3 4 1 2 1 0 3 1 3 4 4 4 2 2 0 2 2 2 
2.987163e+03 
1 4 3 0 2 0 3 1 4 3 2 1 4 3 3 4 1 2 1 0 3 1 3 4 4 4 2 2 0 2 2 2 
2.987163e+03 
1 4 3 0 2 0 3 1 4 3 2 1 4 3 3 4 1 2 1 0 3 1 3 4 4 4 2 2 0 2 2 2 
2.773510e+01 
1 4 3 0 2 0 3 1 4 3 2 1 4 3 3 4 1 2 1 0 3 1 3 4 4 4 2 2 0 2 2 2 
2.987163e+03 
1 4 3 0 2 0 3 1 4 3 2 1 4 3 3 4 1 2 1 0 3 1 3 4 4 4 2 2 0 2 2 2 
3.172120e-04 
1 4 3 0 2 0 3 1 4 3 2 1 4 3 3 4 1 2 1 0 3 1 3 4 4 4 2 2 0 2 2 2 
3.398714e+01 
1 4 3 0 2 2 3 1 4 3 2 1 4 3 3 4 1 2 1 0 3 1 3 4 4 4 2 2 0 2 2 2 
2.987163e+03 
1 4 3 0 2 0 3 1 4 3 2 1 4 3 3 4 1 2 1 0 3 1 3 4 4 4 2 1 0 2 2 2 
2.987163e+03 
1 4 3 0 2 0 3 1 4 3 2 1 4 3 3 4 1 1 1 0 3 1 3 4 4 4 2 2 0 2 2 2 
7.204928e+00 
1 4 3 0 2 0 3 1 4 3 2 1 4 3 3 4 1 2 1 0 3 1 3 4 4 4 2 2 0 2 2 2 
2.987163e+03 
1 4 3 0 2 0 3 1 4 3 2 1 4 3 3 4 1 2 1 0 3 1 3 4 4 4 2 2 1 2 2 2 
2.987163e+03 
1 4 3 0 2 0 3 1 4 3 2 1 4 3 3 4 1 2 1 0 3 1 3 4 4 4 2 2 0 2 2 2 
2.987163e+03 
1 4 3 0 2 0 3 1 4 3 2 1 4 3 3 4 1 2 1 0 3 1 3 4 3 4 2 2 0 2 2 2 
2.987163e+03 
1 4 3 0 2 0 3 1 4 3 2 1 4 3 3 4 1 2 1 0 3 1 3 4 4 4 2 2 0 2 2 2 
2.987163e+03 
1 4 3 0 2 0 3 1 4 3 2 1 4 3 3 4 1 2 1 0 3 1 3 4 1 4 2 2 0 2 2 2 
2.987163e+03 
1 4 3 0 2 0 3 1 4 3 2 1 4 3 3 4 1 2 1 0 3 1 3 4 4 4 2 2 0 2 2 2 
2.987163e+03 
1 4 3 0 2 0 3 1 4 3 2 1 4 3 3 4 1 2 1 0 3 1 3 4 4 4 2 2 0 2 2 2 
2.987163e+03 
1 4 3 0 2 0 3 1 4 3 2 1 4 3 3 4 1 2 1 0 3 1 3 4 4 4 2 2 0 2 2 2 
3.091510e+01 
1 4 3 0 2 0 3 1 4 3 2 1 4 3 3 4 1 2 1 0 3 1 3 4 4 4 2 2 0 2 2 2 
2.987163e+03 
1 4 3 0 2 0 3 1 4 3 2 1 4 3 3 4 1 2 1 0 3 1 3 4 4 4 2 2 0 2 2 2 
2.987163e+03 
1 4 3 0 2 0 3 1 4 3 2 1 4 3 3 4 1 2 1 0 3 1 3 4 4 4 2 2 0 2 2 2 
2.773510e+01 
1 4 3 0 2 0 3 1 4 3 2 1 4 3 3 4 1 2 4 0 3 1 3 4 4 4 2 2 0 2 2 2 
1.551016e+00 
1 4 3 0 2 0 3 1 4 3 2 1 4 3 3 4 1 2 1 0 3 1 3 4 4 4 2 2 0 2 2 2 
3.290514e+01 
1 4 3 0 2 0 3 1 4 3 2 1 4 3 3 4 1 2 1 0 3 1 3 4 4 4 2 2 0 2 2 2 
2.987163e+03 
1 4 3 0 2 0 3 1 4 3 2 1 4 3 3 4 1 2 1 0 3 1 3 4 4 4 2 2 0 2 2 2 
2.757752e+01 
1 4 3 0 2 0 3 1 4 3 2 1 4 3 3 4 1 2 1 0 3 1 3 4 4 4 2 2 0 2 2 2 
1.940717e-04 
1 4 3 0 2 0 3 1 4 3 2 1 4 3 3 4 1 2 1 0 3 1 3 4 4 4 2 2 0 2 2 2 
2.987163e+03 
1 4 3 0 2 0 3 1 4 3 2 1 4 3 3 4 1 2 1 0 3 1 3 4 4 4 2 2 0 2 2 2 
2.987163e+03 
1 4 3 0 2 0 3 1 4 3 2 1 4 3 3 4 1 2 1 0 3 1 3 4 4 4 2 2 2 2 2 2 
4.974252e-01 
1 4 3 0 2 0 3 1 4 3 2 1 4 3 3 4 1 2 1 0 3 1 3 4 4 4 2 2 0 2 2 2 
2.987163e+03 
1 4 3 0 2 0 3 1 4 3 2 1 4 3 3 4 1 2 1 0 3 1 3 4 4 4 2 2 0 2 2 2 
4.974252e-01 
2 4 3 0 2 0 3 1 4 3 2 1 4 3 3 4 1 2 1 0 3 1 3 4 4 4 2 2 0 2 2 2 
2.987163e+03 
1 4 0 0 2 0 3 1 4 3 2 1 4 3 3 4 1 2 1 0 3 1 3 4 4 4 2 2 0 2 2 2 
3.046151e+01 
1 4 3 0 2 0 3 1 4 3 2 1 4 3 3 4 1 2 1 0 3 1 3 4 4 4 2 2 0 2 2 2 
2.987163e+03 
1 4 3 0 2 0 3 1 4 3 2 1 3 3 3 4 1 2 1 0 3 1 3 4 4 4 2 2 0 2 2 2 
2.987163e+03 
1 4 3 0 2 0 3 1 4 3 2 1 4 3 3 4 1 2 1 0 3 1 3 4 4 4 2 2 0 2 2 2 
2.987163e+03 
1 4 3 0 2 0 3 1 4 3 2 1 4 3 3 4 1 2 1 0 3 1 3 4 4 4 2 2 0 2 2 2 
2.987163e+03 
1 4 3 0 2 0 3 1 4 3 2 1 4 3 3 4 1 2 1 0 3 1 3 4 4 4 2 2 0 2 2 2 
2.987163e+03 
1 4 3 0 2 0 3 1 4 3 2 1 4 3 3 4 1 2 1 0 3 1 3 4 4 4 2 2 0 2 2 2 
2.987163e+03 
1 4 3 0 2 0 3 1 4 3 2 1 4 3 1 4 1 2 1 0 3 1 3 4 4 4 2 2 0 2 2 2 
2.987163e+03 
1 4 3 0 2 0 3 1 4 3 2 1 4 3 3 4 1 2 1 0 3 1 3 4 4 4 2 2 0 2 2 2 
2.987163e+03 
1 4 3 0 2 0 3 1 4 3 2 1 4 3 3 4 1 2 1 0 3 1 3 4 4 4 2 2 0 2 2 2 
2.987163e+03 
1 4 3 0 2 0 3 1 4 3 2 1 4 3 3 4 1 2 1 0 3 1 3 4 4 4 2 2 0 2 2 2 
5.820516e-04 
1 4 3 0 2 0 3 1 4 3 2 1 4 3 3 4 1 2 1 0 3 1 3 4 4 3 2 2 0 2 2 2 
2.987163e+03 
1 4 3 0 2 0 3 1 4 3 2 1 4 3 3 4 1 2 1 0 3 1 3 4 4 4 2 2 3 2 2 2 
2.987163e+03 
1 4 3 0 2 0 3 1 4 3 2 1 4 3 3 4 1 2 1 0 3 1 3 4 4 4 2 2 0 2 2 2 
2.987163e+03 
1 4 3 0 1 0 3 1 4 3 2 1 4 3 3 4 1 2 1 0 3 1 3 4 4 4 2 2 0 2 2 2 
2.987163e+03 
1 3 3 0 2 0 3 1 4 3 2 1 4 3 3 4 1 2 1 0 3 1 3 4 4 4 2 2 0 2 2 2 
2.987163e+03 
1 4 3 0 2 0 3 1 4 3 2 1 4 3 3 4 1 2 1 0 3 1 3 4 4 4 2 2 0 2 2 2 
3.337094e+01 
1 4 3 0 2 0 3 1 4 3 2 1 4 3 3 4 1 2 1 0 3 1 3 4 4 4 2 2 0 2 2 2 
2.987163e+03 
1 4 3 0 2 0 3 1 4 3 2 1 4 3 3 4 1 2 1 0 3 1 3 4 4 4 2 2 0 2 2 2 
2.223439e-05 
1 4 3 0 2 0 3 1 4 3 2 1 4 3 3 4 1 2 1 0 3 1 3 4 4 4 2 2 0 2 2 2 
2.987163e+03 
1 4 3 0 2 0 3 1 4 3 2 1 4 3 3 4 1 2 1 0 3 1 3 4 4 4 2 2 0 1 2 2 
2.987163e+03 
1 4 3 0 2 0 3 1 4 3 2 1 4 3 3 4 1 2 1 3 3 1 3 4 4 4 2 2 0 2 2 2 
2.987163e+03 
1 4 3 0 2 0 3 1 4 3 2 1 4 3 3 4 1 2 1 0 3 1 3 4 4 4 2 2 0 2 2 2 
3.532762e-01 
1 4 3 0 2 0 3 1 4 3 2 1 4 3 3 4 1 2 1 0 3 1 3 4 4 4 2 2 0 2 2 2 
2.987163e+03 
1 4 3 0 2 0 3 1 4 3 2 1 4 3 3 4 1 2 1 0 3 1 3 4 4 4 2 2 0 2 2 2 
2.987163e+03 
1 4 3 0 2 0 3 1 4 3 2 1 4 3 3 4 1 2 1 0 3 1 3 4 4 4 2 2 0 2 2 2 
2.987163e+03 
1 4 2 0 2 0 3 1 4 3 2 1 4 3 3 4 1 2 1 0 3 1 3 4 4 4 2 2 0 2 2 2 
2.987163e+03 
1 4 3 2 2 0 3 1 4 3 2 1 4 3 3 4 1 2 1 0 3 1 3 4 4 4 2 2 0 2 2 2 
3.412094e-03 
1 4 3 0 2 0 3 1 4 3 2 1 4 3 3 4 1 2 1 0 3 1 3 4 4 4 2 2 0 2 2 2 
2.987163e+03 
1 4 3 0 2 0 3 1 4 3 2 1 4 3 3 4 1 2 1 0 3 1 3 4 4 4 2 2 0 2 2 2 
2.987163e+03 
1 4 3 0 2 0 3 1 4 3 2 1 4 3 3 4 1 2 1 0 3 1 3 4 4 4 2 2 0 2 2 2 
2.987163e+03 
1 4 3 0 2 0 3 1 4 3 2 1 4 3 3 4 1 2 1 0 3 1 3 4 4 4 2 2 0 2 2 2 
2.987163e+03 
1 4 3 0 2 0 3 1 4 3 2 1 4 3 3 4 1 2 1 0 3 1 3 4 4 4 2 2 0 2 2 2 
2.987163e+03 
1 4 3 0 2 0 3 1 4 3 2 1 4 3 3 4 1 2 1 0 3 1 3 4 4 4 2 2 2 2 2 2 
2.987163e+03 
1 4 3 0 2 0 3 1 4 3 2 1 4 3 3 4 1 2 1 0 3 1 3 4 4 4 2 2 0 2 2 2 
2.987163e+03 
1 4 3 0 2 0 3 1 4 3 2 1 4 3 3 4 1 2 1 0 3 1 3 4 4 4 2 2 0 2 2 2 
2.987163e+03 
1 4 3 0 2 0 3 1 4 3 2 1 4 3 3 4 1 2 1 0 3 1 3 4 4 4 2 2 0 2 2 2 
2.136600e-04 
1 4 3 0 2 0 3 1 4 3 2 1 4 3 3 4 1 2 1 0 3 1 3 4 4 4 2 2 0 2 2 2 
2.996433e+01 
1 4 3 0 2 0 3 1 4 3 2 1 4 3 3 4 1 2 1 0 3 1 3 4 4 4 2 2 0 2 2 2 
2.987163e+03 
1 4 3 0 2 0 3 1 4 3 2 1 4 3 3 4 1 2 1 0 3 1 3 4 4 4 2 2 0 2 2 2 
3.337094e+01 
1 4 3 0 2 0 3 1 4 3 2 1 4 3 3 4 1 2 1 0 3 1 3 4 4 4 2 2 0 2 2 2 
2.987163e+03 
1 4 3 0 2 0 3 1 4 3 2 1 4 3 3 4 1 2 1 0 3 1 3 4 4 4 2 2 0 2 2 2 
2.987163e+03 
1 4 3 0 2 0 3 1 4 3 2 1 4 3 3 4 1 2 1 0 3 1 3 4 4 4 2 2 0 2 2 2 
2.987163e+03 
