1 1 4 3 3 2 4 2 4 1 3 4 4 1 1 3 4 2 4 3 2 3 3 0 2 4 3 3 2 1 1 1 
1.095356e+03 
2.699883e+01 
1 1 4 3 3 2 4 2 4 1 3 4 4 1 1 3 4 2 4 3 2 3 3 0 2 4 3 3 2 1 1 1 
1.095356e+03 
2.699883e+01 
1 1 4 3 3 2 4 2 4 1 3 4 4 1 1 3 4 2 4 3 2 3 3 2 2 4 3 3 3 1 1 1 
9.360847e+02 
2.684171e+01 
1 1 4 3 3 2 4 2 4 1 3 4 4 1 1 3 4 2 4 3 2 3 3 0 2 4 3 3 2 1 1 1 
1.095356e+03 
2.699883e+01 
1 1 4 4 3 2 4 2 4 1 3 4 4 1 1 3 4 2 4 3 2 3 3 0 2 4 3 3 2 1 1 1 
1.327256e+03 
2.719087e+01 
1 1 4 3 3 2 4 2 4 1 3 4 4 1 1 3 4 2 4 3 2 3 3 2 2 4 3 3 2 1 1 1 
1.143962e+03 
2.704225e+01 
1 1 4 3 3 2 4 2 4 1 3 4 4 1 1 3 4 2 4 3 2 3 3 2 2 4 3 3 2 1 1 1 
1.327256e+03 
2.719087e+01 
1 1 4 3 3 2 4 2 4 1 3 4 4 1 1 3 1 2 4 3 2 3 3 2 2 4 1 3 2 1 1 1 
1.327256e+03 
2.719087e+01 
1 1 4 4 3 2 4 2 2 1 3 4 4 1 1 3 4 2 4 3 2 2 3 2 2 4 3 3 2 1 1 1 
1.235544e+03 
2.711927e+01 
1 1 4 4 3 2 4 2 4 1 3 4 4 1 1 3 4 2 4 3 2 2 3 2 2 4 3 3 2 1 1 1 
1.235544e+03 
2.711927e+01 
1 1 4 3 3 2 4 2 4 1 3 4 4 1 1 3 4 2 4 3 2 3 3 2 2 4 3 3 2 1 1 1 
1.327256e+03 
2.719087e+01 
1 1 4 3 3 2 4 2 4 1 3 4 4 1 1 3 4 2 4 3 2 3 3 2 2 4 3 3 2 1 1 1 
1.235544e+03 
2.711927e+01 
1 1 4 3 3 2 4 2 4 1 3 4 4 1 1 3 4 2 4 3 2 3 3 2 2 4 3 3 2 1 1 1 
1.094048e+03 
2.699764e+01 
1 1 4 3 3 2 4 2 4 1 3 4 4 1 1 3 4 2 4 3 2 3 3 2 2 4 3 3 2 1 1 1 
1.327256e+03 
2.719087e+01 
1 1 4 3 3 2 4 2 4 1 3 4 4 1 1 3 4 2 4 3 2 3 3 2 2 4 3 3 2 1 1 1 
8.160046e+02 
2.670442e+01 
1 1 4 3 3 2 4 2 4 1 3 4 4 1 1 3 4 2 4 3 2 3 3 2 2 4 3 3 2 1 1 1 
8.160046e+02 
2.670442e+01 
1 1 4 3 3 2 4 2 4 1 3 4 4 1 1 3 4 2 4 3 2 3 3 2 2 4 3 3 2 1 1 1 
8.160046e+02 
2.670442e+01 
1 1 4 3 3 2 4 2 4 1 3 4 4 1 1 3 4 2 4 3 2 3 3 2 2 4 3 3 2 1 1 1 
1.327256e+03 
2.719087e+01 
1 1 4 3 3 2 4 2 4 1 3 4 4 1 1 3 4 2 4 3 2 3 3 2 2 4 3 1 2 1 1 1 
1.327256e+03 
2.719087e+01 
1 1 4 3 3 2 4 2 4 1 3 4 4 1 1 3 4 2 4 3 2 3 3 2 2 4 3 3 2 1 1 1 
1.327256e+03 
2.719087e+01 
1 1 0 3 3 2 4 2 4 1 3 4 4 1 1 3 4 2 4 3 2 3 3 2 2 4 3 3 2 1 1 1 
1.327256e+03 
2.719087e+01 
1 1 4 3 3 2 4 2 4 1 3 4 4 1 1 3 4 2 4 3 2 3 3 1 2 4 3 3 2 1 1 1 
9.987942e+02 
2.690655e+01 
1 1 4 3 3 2 4 2 4 1 3 4 4 1 1 3 4 2 4 3 2 3 3 1 2 4 3 3 2 1 1 1 
1.327256e+03 
2.719087e+01 
1 1 4 3 3 2 4 2 4 1 3 4 4 1 1 3 4 2 4 3 2 3 3 1 2 4 3 3 2 1 1 1 
1.327256e+03 
2.719087e+01 
1 1 4 3 3 2 4 2 4 1 3 4 4 1 1 3 4 2 4 3 3 3 3 1 2 4 3 3 2 1 1 1 
1.327256e+03 
2.719087e+01 
1 1 4 3 3 2 4 2 4 1 3 4 4 1 1 3 4 2 4 3 2 3 3 2 2 4 3 3 2 1 1 1 
1.327256e+03 
2.719087e+01 
1 1 4 3 3 2 4 2 4 1 3 4 4 1 1 3 4 2 4 3 2 3 3 1 2 4 3 3 2 1 1 1 
1.327256e+03 
2.719087e+01 
1 1 4 3 3 2 4 2 4 1 3 4 4 1 1 3 4 2 4 3 2 3 3 1 2 4 3 3 2 1 1 1 
1.025493e+03 
2.693293e+01 
1 1 4 3 3 2 4 2 4 1 3 4 4 1 1 3 4 2 4 3 2 3 3 2 2 4 3 3 2 1 1 1 
1.327256e+03 
2.719087e+01 
1 1 4 3 3 2 4 2 4 1 3 4 4 1 1 3 4 2 4 3 2 3 3 2 2 4 3 3 2 1 1 1 
9.269811e+02 
2.683193e+01 
1 1 4 3 3 2 4 2 4 1 3 4 4 1 1 3 4 2 4 3 2 3 3 4 2 4 3 1 2 1 1 1 
1.149041e+03 
2.704668e+01 
1 1 4 3 3 4 4 2 4 1 3 4 4 1 1 3 4 2 4 3 2 3 3 4 2 4 3 1 2 1 1 1 
1.327256e+03 
2.719087e+01 
1 1 4 3 3 2 4 2 4 1 3 4 4 1 1 3 4 2 4 3 2 3 3 4 2 4 3 3 2 1 1 1 
1.149041e+03 
2.704668e+01 
1 1 4 3 3 2 4 2 4 1 3 4 4 1 1 3 4 2 4 3 2 3 3 4 2 4 3 3 2 1 1 1 
1.149041e+03 
2.704668e+01 
1 1 4 3 3 2 4 2 4 1 3 4 4 1 1 3 4 2 4 3 2 3 3 4 2 4 3 3 2 1 1 1 
1.149041e+03 
2.704668e+01 
1 1 4 3 3 2 4 2 4 1 3 4 4 1 1 3 4 2 4 3 2 3 3 2 2 4 3 3 2 1 1 1 
1.149041e+03 
2.704668e+01 
1 1 4 3 3 2 4 2 4 1 3 4 4 1 1 3 4 2 4 3 2 3 3 2 2 4 3 3 2 1 1 1 
1.327256e+03 
2.719087e+01 
1 1 4 3 3 2 4 2 4 1 3 4 4 1 1 3 4 2 4 3 2 3 3 2 2 4 3 3 2 1 1 1 
1.327256e+03 
2.719087e+01 
1 1 4 3 3 2 4 2 4 1 3 4 4 1 1 3 4 2 4 3 2 3 3 2 2 4 3 3 2 1 1 1 
1.327256e+03 
2.719087e+01 
1 1 4 3 3 2 4 2 4 1 3 4 4 1 1 3 4 2 4 3 2 3 0 2 2 4 3 3 2 1 1 1 
1.327256e+03 
2.719087e+01 
1 1 4 3 3 2 4 2 4 1 3 4 4 1 1 3 4 2 4 3 2 3 0 2 2 4 3 3 2 1 1 1 
5.752587e+02 
2.635482e+01 
1 1 4 3 3 2 4 2 4 1 3 4 4 1 1 3 4 2 4 3 2 3 3 2 2 4 3 3 2 1 1 1 
1.146889e+03 
2.704481e+01 
1 1 4 3 3 2 4 2 4 1 3 4 4 1 1 3 4 2 4 3 2 3 3 2 2 4 3 3 4 1 1 1 
1.146889e+03 
2.704481e+01 
1 1 4 3 3 2 4 2 4 1 3 4 4 1 1 3 4 2 4 3 0 3 3 2 2 4 3 3 2 1 1 1 
1.327256e+03 
2.719087e+01 
1 1 4 3 3 2 4 2 4 1 3 4 2 1 1 3 4 2 4 3 2 3 3 2 2 4 3 3 2 1 1 1 
1.327256e+03 
2.719087e+01 
1 1 4 3 3 2 4 2 4 1 3 4 4 1 1 3 4 2 4 3 2 3 3 2 2 4 3 3 2 1 1 1 
9.517646e+02 
2.685832e+01 
1 1 4 3 3 2 4 2 4 1 3 4 2 1 1 3 4 2 4 0 2 3 3 2 2 4 3 3 2 1 1 1 
9.013865e+02 
2.680393e+01 
1 1 4 3 3 2 4 2 4 1 3 4 4 1 1 3 4 2 4 3 2 3 3 2 2 1 3 3 2 1 1 1 
9.013865e+02 
2.680393e+01 
1 1 4 3 3 2 4 2 4 1 3 4 4 1 1 3 0 2 4 3 2 3 3 2 2 4 3 3 2 0 1 1 
1.327256e+03 
2.719087e+01 
1 1 4 3 3 2 4 2 4 1 3 4 4 1 1 3 4 2 4 3 2 3 3 2 2 4 3 3 2 1 1 1 
8.519237e+02 
2.674750e+01 
1 1 4 3 3 2 4 2 4 1 3 4 4 1 1 3 4 2 4 3 2 3 3 2 2 4 3 3 2 1 1 1 
1.327256e+03 
2.719087e+01 
1 1 4 3 3 2 4 2 4 1 3 4 4 1 1 3 4 2 4 3 2 3 3 2 2 4 3 3 2 1 1 1 
1.327256e+03 
2.719087e+01 
1 1 4 3 3 2 4 2 4 1 3 4 4 1 1 3 0 2 4 3 2 3 3 2 2 4 3 3 2 1 1 1 
7.044397e+02 
2.655740e+01 
1 1 4 3 3 2 4 2 4 1 3 4 4 1 1 3 4 2 4 3 2 3 3 2 2 4 3 3 2 1 1 1 
1.202091e+03 
2.709182e+01 
1 1 4 3 3 2 4 2 4 1 3 4 4 1 1 3 0 2 4 3 2 3 3 2 2 4 3 3 2 1 1 1 
1.327256e+03 
2.719087e+01 
1 1 4 3 3 2 4 2 4 1 3 4 4 1 1 3 4 2 4 3 2 3 3 2 2 4 3 3 2 1 1 1 
1.327256e+03 
2.719087e+01 
1 1 4 3 3 2 4 2 4 1 3 4 4 1 1 3 4 2 4 3 2 3 3 2 2 4 3 3 2 1 1 1 
1.327256e+03 
2.719087e+01 
1 1 4 3 3 2 4 2 4 1 3 4 4 2 1 4 4 2 4 3 2 3 3 2 2 4 3 3 2 1 1 1 
1.076126e+03 
2.698112e+01 
1 1 4 3 3 2 4 2 4 1 3 4 4 2 1 4 4 2 4 3 2 3 3 2 2 4 3 3 2 1 1 1 
1.327256e+03 
2.719087e+01 
1 1 4 3 3 2 4 2 4 1 3 4 4 2 1 4 4 2 4 3 2 3 3 2 2 4 3 3 2 1 1 1 
1.076126e+03 
2.698112e+01 
1 1 4 3 3 2 4 2 4 1 3 4 4 2 1 4 4 2 4 3 2 3 3 2 2 4 3 3 2 1 1 1 
1.327256e+03 
2.719087e+01 
1 1 4 3 3 2 4 2 4 1 3 4 4 1 0 3 4 2 4 3 2 3 3 2 2 4 3 3 2 1 1 1 
1.327256e+03 
2.719087e+01 
1 1 4 3 3 2 4 2 4 1 3 3 4 1 0 3 4 2 4 3 2 3 3 2 2 4 3 3 2 1 1 1 
7.970840e+02 
2.668096e+01 
1 1 4 3 3 2 4 2 4 1 3 4 4 1 0 3 4 2 4 3 2 3 3 2 2 4 3 3 2 1 1 1 
7.822125e+02 
2.666213e+01 
1 1 4 3 3 2 4 2 4 1 3 4 4 1 0 3 4 2 4 3 2 3 3 2 2 4 3 0 2 1 1 1 
1.081112e+03 
2.698575e+01 
1 1 4 3 3 2 4 2 4 1 3 4 4 1 1 3 4 2 4 3 2 3 3 2 2 4 3 3 2 1 1 1 
9.251237e+02 
2.682993e+01 
1 1 4 3 3 2 4 2 4 1 3 4 4 1 1 3 4 2 4 3 2 3 3 2 2 4 3 3 2 1 1 1 
1.081112e+03 
2.698575e+01 
1 1 4 3 3 2 4 2 4 1 3 4 4 1 1 3 4 2 4 3 2 3 3 2 2 4 3 3 2 1 1 1 
1.081112e+03 
2.698575e+01 
1 1 4 3 3 2 4 2 4 1 3 4 4 1 1 3 4 2 4 3 2 3 3 2 2 4 3 3 2 1 1 1 
1.081112e+03 
2.698575e+01 
1 1 4 3 3 2 4 2 4 1 3 4 4 1 1 3 4 2 4 3 2 3 3 2 2 4 3 3 2 1 1 1 
1.081112e+03 
2.698575e+01 
1 1 4 3 3 2 4 2 4 1 3 4 4 1 1 3 4 2 4 3 2 3 3 2 2 4 3 3 2 1 1 1 
1.081112e+03 
2.698575e+01 
1 1 4 3 3 2 4 2 4 1 3 4 4 1 1 3 4 2 4 3 2 3 3 2 2 2 3 3 2 1 1 1 
1.081112e+03 
2.698575e+01 
1 1 4 3 3 2 4 2 4 1 3 4 4 1 1 3 4 2 4 3 2 3 2 2 2 0 3 3 2 1 1 1 
1.327256e+03 
2.719087e+01 
1 1 4 3 3 2 4 2 4 1 3 4 4 1 1 3 4 2 4 3 2 3 2 2 2 4 3 3 2 1 1 1 
1.327256e+03 
2.719087e+01 
1 1 4 3 3 2 4 2 4 1 3 4 4 1 1 3 4 2 4 3 2 3 3 2 2 4 3 3 2 1 1 1 
1.327256e+03 
2.719087e+01 
1 1 4 3 3 2 4 2 4 1 3 3 4 1 1 3 4 2 4 3 2 3 3 2 2 4 3 3 2 1 1 1 
9.231185e+02 
2.682776e+01 
1 1 4 3 3 2 4 2 4 1 3 4 4 1 1 3 4 2 4 3 2 3 3 2 2 1 3 3 2 1 1 1 
1.327256e+03 
2.719087e+01 
1 1 4 3 3 2 4 2 4 1 3 4 4 1 1 3 4 2 4 3 2 3 3 2 2 1 3 3 2 1 1 1 
7.619287e+02 
2.663585e+01 
1 1 4 3 3 2 4 2 4 4 3 4 4 1 1 3 4 2 4 3 2 3 3 2 2 1 3 3 2 1 1 1 
1.115802e+03 
2.701733e+01 
1 1 4 3 3 2 4 2 4 1 3 4 4 1 1 3 4 2 4 3 2 3 2 2 2 1 3 3 2 1 1 1 
7.609020e+02 
2.663450e+01 
1 1 4 3 3 2 4 2 4 1 3 4 4 1 1 3 4 2 4 3 2 3 3 2 2 1 3 3 2 1 3 1 
1.202091e+03 
2.709182e+01 
1 1 4 3 3 2 4 2 4 1 3 4 4 1 1 3 4 2 4 3 2 3 2 2 2 1 3 3 2 1 1 1 
1.202091e+03 
2.709182e+01 
1 1 4 3 3 2 4 2 4 1 3 4 4 1 1 3 4 2 4 3 2 3 3 2 2 1 3 3 2 1 1 1 
6.005726e+02 
2.639788e+01 
1 1 4 3 3 2 4 2 4 1 3 4 4 1 1 3 4 2 4 3 2 3 3 2 2 1 3 3 2 1 1 1 
1.202091e+03 
2.709182e+01 
1 1 4 3 3 2 4 2 4 1 3 4 4 1 1 3 4 2 4 3 2 3 3 2 2 1 3 3 2 1 1 1 
7.746827e+02 
2.665245e+01 
1 1 4 3 3 2 4 2 4 1 3 4 4 1 1 3 4 2 4 3 2 3 3 2 2 1 3 3 2 1 1 1 
1.202091e+03 
2.709182e+01 
1 1 4 3 3 2 4 2 4 1 3 4 4 1 1 3 4 2 4 3 2 3 3 2 2 4 3 3 2 1 1 1 
1.202091e+03 
2.709182e+01 
1 1 4 3 3 2 1 2 4 1 3 4 4 1 1 3 4 2 4 3 2 3 3 2 2 1 3 3 2 1 1 1 
1.202091e+03 
2.709182e+01 
1 1 4 3 3 2 4 2 4 1 3 4 4 1 1 3 4 2 4 3 2 3 3 2 2 1 3 3 2 1 1 1 
1.202091e+03 
2.709182e+01 
1 0 4 3 3 2 4 2 4 1 3 2 4 1 1 3 4 2 4 3 2 3 3 2 2 4 3 3 2 1 1 1 
1.202091e+03 
2.709182e+01 
1 0 4 3 3 2 4 2 4 1 3 2 4 1 1 3 4 2 4 3 2 3 3 2 2 4 3 3 2 1 1 1 
1.223294e+03 
2.710930e+01 
1 1 4 1 3 2 4 2 4 1 3 1 4 1 1 3 4 2 4 3 2 3 3 2 2 4 3 3 2 1 1 1 
1.202091e+03 
2.709182e+01 
1 1 4 1 3 2 4 2 4 1 3 1 4 1 1 3 4 2 4 3 2 3 3 2 2 4 3 3 2 1 3 1 
7.454933e+02 
2.661405e+01 
1 1 4 1 3 2 4 2 4 1 3 1 4 1 1 3 4 2 4 3 2 3 3 2 2 4 3 3 2 1 1 1 
1.098116e+03 
2.700135e+01 
1 1 4 1 3 2 4 2 4 1 3 1 4 1 1 3 4 2 4 3 2 3 3 2 4 4 3 3 2 1 1 1 
1.363078e+03 
2.721750e+01 
1 1 4 1 3 2 4 2 4 1 3 1 4 1 1 3 4 2 4 3 2 3 3 2 2 4 3 3 2 1 1 1 
1.363078e+03 
2.721750e+01 
1 1 4 2 3 2 4 2 4 1 3 1 4 1 1 3 4 2 4 3 2 2 3 2 2 4 3 3 2 1 1 1 
1.363078e+03 
2.721750e+01 
1 1 4 1 3 2 4 2 4 1 3 1 4 1 1 3 4 2 4 3 2 3 3 2 2 4 3 3 2 1 1 1 
1.363078e+03 
2.721750e+01 
1 1 4 1 3 2 4 2 4 1 3 1 4 1 1 3 4 2 4 3 2 3 3 2 2 4 3 3 2 1 1 1 
1.363078e+03 
2.721750e+01 
1 1 4 1 3 2 4 2 4 1 3 1 4 1 1 3 4 2 4 3 2 3 3 2 2 4 0 3 2 1 1 1 
1.363078e+03 
2.721750e+01 
