1 1 4 3 3 3 4 2 1 1 3 1 4 1 1 3 1 2 2 1 2 3 1 2 3 4 1 3 2 1 1 1 
1.117797e+03 
2.701912e+01 
1 1 4 3 3 3 4 2 1 1 3 1 4 1 1 3 1 2 2 1 2 3 1 2 3 4 4 3 2 1 1 1 
1.117797e+03 
2.701912e+01 
1 1 4 3 3 3 4 2 1 1 3 1 4 1 1 3 1 2 2 1 2 3 1 2 3 4 1 3 2 1 1 1 
1.117797e+03 
2.701912e+01 
1 1 4 3 3 3 4 2 1 1 3 1 4 1 1 3 1 2 2 1 2 3 1 2 3 4 1 3 2 1 1 1 
1.005622e+03 
2.691336e+01 
1 1 4 3 3 0 4 2 1 1 3 1 4 1 1 3 1 2 2 1 2 3 1 2 3 4 1 3 2 1 1 1 
1.005622e+03 
2.691336e+01 
1 1 4 3 3 3 4 2 1 1 3 1 4 1 1 3 1 2 2 1 2 3 1 2 3 4 1 3 2 1 1 1 
7.986445e+02 
2.668292e+01 
1 1 4 3 3 0 4 2 1 1 3 1 4 1 1 3 1 2 2 1 2 3 1 2 3 4 1 3 2 1 1 1 
6.947458e+02 
2.654355e+01 
3 1 4 3 3 3 4 2 1 1 3 1 4 1 1 3 1 1 2 1 2 3 1 2 3 4 4 3 2 1 1 1 
6.947458e+02 
2.654355e+01 
3 1 4 3 3 3 4 2 1 1 3 1 4 1 1 3 1 2 2 1 2 3 1 2 3 4 4 3 2 1 1 1 
1.117797e+03 
2.701912e+01 
1 1 4 3 3 3 4 2 1 1 3 1 4 1 1 3 1 2 2 1 2 3 1 2 3 4 4 3 2 1 1 1 
1.117797e+03 
2.701912e+01 
1 1 4 3 3 3 4 2 1 1 3 1 4 1 1 3 1 2 2 1 2 3 1 2 3 4 4 3 2 1 1 1 
1.067080e+03 
2.697268e+01 
1 1 4 0 3 3 4 2 1 1 3 1 4 1 1 3 1 2 2 1 2 3 1 2 3 4 4 3 2 1 1 1 
1.117797e+03 
2.701912e+01 
1 1 4 3 3 3 4 2 1 1 3 1 4 1 1 3 1 2 2 1 2 3 1 2 3 4 4 3 2 1 1 1 
1.117797e+03 
2.701912e+01 
1 1 4 3 3 3 4 2 1 1 3 1 4 1 1 3 1 1 2 1 2 3 1 2 3 4 4 3 2 1 1 1 
1.117797e+03 
2.701912e+01 
1 1 4 3 3 3 4 2 1 1 3 1 4 1 1 3 1 2 2 1 2 3 1 2 3 4 4 3 2 1 1 1 
1.117797e+03 
2.701912e+01 
1 1 4 3 3 3 4 2 1 1 3 1 4 1 1 3 1 2 2 1 2 3 1 2 3 4 4 3 2 1 1 1 
1.117797e+03 
2.701912e+01 
1 1 4 3 3 3 4 2 1 1 3 1 4 1 1 3 1 2 2 1 2 3 1 2 3 4 4 3 2 1 1 1 
1.117797e+03 
2.701912e+01 
1 1 4 3 3 3 4 2 1 1 3 1 4 1 1 3 1 2 2 1 2 3 1 2 3 4 4 3 2 1 1 1 
1.117797e+03 
2.701912e+01 
1 1 4 3 3 3 4 2 1 1 3 1 4 1 1 3 1 2 2 1 2 3 1 2 3 4 4 3 2 1 1 1 
1.117797e+03 
2.701912e+01 
1 1 4 3 3 3 4 2 1 1 3 1 4 1 1 3 1 2 2 1 2 3 1 2 3 4 4 3 2 1 1 1 
1.117797e+03 
2.701912e+01 
1 1 4 3 3 3 4 2 1 1 3 1 4 1 1 3 1 2 2 1 2 3 1 2 3 4 4 3 2 1 1 1 
1.117797e+03 
2.701912e+01 
1 1 4 3 3 3 4 2 1 1 3 1 4 1 1 3 1 2 2 1 2 3 1 2 3 4 4 3 2 1 1 1 
1.117797e+03 
2.701912e+01 
1 1 4 3 3 3 4 2 1 1 3 1 4 1 1 3 1 2 2 1 2 3 1 2 3 4 4 3 2 1 1 1 
1.117797e+03 
2.701912e+01 
1 1 4 3 3 3 4 2 1 1 3 1 4 1 1 3 1 2 2 1 2 3 1 2 3 4 4 3 2 1 1 1 
1.117797e+03 
2.701912e+01 
1 1 4 3 3 3 4 2 1 1 3 1 4 1 1 3 1 2 2 1 2 3 1 2 3 4 4 3 2 1 1 1 
1.117797e+03 
2.701912e+01 
1 1 4 3 3 3 4 2 1 1 3 1 4 1 1 3 1 2 2 1 2 3 1 2 3 4 4 3 2 1 1 1 
1.117797e+03 
2.701912e+01 
1 1 4 3 3 3 4 2 1 1 3 1 4 1 1 3 1 2 2 1 2 3 1 2 3 4 4 3 2 1 1 1 
1.117797e+03 
2.701912e+01 
1 1 4 3 3 3 4 2 1 1 3 1 4 1 1 3 1 2 2 1 2 3 1 2 3 4 4 3 2 1 1 1 
1.117797e+03 
2.701912e+01 
1 1 4 3 3 3 4 2 1 1 3 1 4 1 1 3 1 2 2 1 2 3 1 2 3 4 4 3 2 1 1 1 
1.117797e+03 
2.701912e+01 
1 1 4 3 3 3 4 2 1 1 3 1 4 2 1 3 1 2 2 1 2 3 1 2 3 4 4 3 2 1 1 1 
1.130770e+03 
2.703065e+01 
1 1 4 3 3 3 4 2 1 1 3 1 4 1 1 3 1 2 2 1 2 3 1 2 3 4 4 3 2 1 1 1 
7.572565e+02 
2.662970e+01 
1 1 4 3 3 3 4 2 1 1 3 2 4 2 1 3 1 2 2 1 2 3 1 2 3 4 4 3 3 1 1 1 
7.572565e+02 
2.662970e+01 
1 1 4 4 3 3 4 2 1 1 3 2 4 1 1 3 1 2 2 1 2 3 1 2 3 4 4 3 2 1 1 1 
1.117797e+03 
2.701912e+01 
1 1 4 4 3 3 4 2 1 1 3 2 4 1 1 3 1 2 2 1 2 3 1 2 3 4 4 3 2 1 1 1 
7.006607e+02 
2.655202e+01 
1 1 4 4 3 3 4 2 1 1 3 2 4 1 1 3 1 2 2 1 2 3 1 2 3 4 4 3 2 1 1 1 
1.096017e+03 
2.699944e+01 
1 1 4 4 3 3 4 2 1 1 3 2 4 1 1 3 1 2 2 1 2 3 1 2 3 4 4 3 2 1 1 1 
1.096017e+03 
2.699944e+01 
1 1 4 4 3 3 4 2 1 1 3 2 4 1 1 3 1 2 2 1 2 3 1 2 3 4 4 3 2 1 1 1 
1.096017e+03 
2.699944e+01 
1 1 4 4 3 3 4 2 1 1 3 2 4 1 1 3 1 2 2 1 2 3 1 2 3 4 4 3 2 1 1 1 
1.096017e+03 
2.699944e+01 
1 1 4 4 3 3 4 2 1 1 3 2 4 1 1 3 1 2 2 1 2 3 1 2 3 4 4 3 2 1 1 1 
1.096017e+03 
2.699944e+01 
1 1 4 4 3 3 4 2 1 1 3 2 4 1 1 3 1 2 2 1 2 3 1 2 3 4 4 3 2 1 1 1 
1.096017e+03 
2.699944e+01 
1 1 4 4 3 3 4 2 1 1 3 2 4 1 1 3 1 2 2 1 2 3 1 2 3 4 4 3 2 1 1 1 
1.096017e+03 
2.699944e+01 
1 1 4 2 3 3 4 2 1 1 3 2 4 1 1 3 1 2 2 1 2 3 1 2 3 4 4 3 2 1 1 1 
6.631878e+02 
2.649706e+01 
1 1 4 3 3 3 4 2 2 1 3 2 4 1 1 3 1 2 2 1 2 3 1 2 3 4 4 3 2 1 1 1 
8.622514e+02 
2.675955e+01 
1 1 4 3 3 3 4 2 1 1 3 2 4 1 1 3 1 2 2 1 2 3 1 2 3 4 4 3 2 1 1 1 
6.865229e+02 
2.653164e+01 
1 1 4 3 3 3 4 2 1 1 3 2 4 1 1 3 1 2 2 1 2 3 1 2 3 4 4 3 2 1 1 1 
4.918234e+02 
2.619812e+01 
1 1 4 3 3 3 4 2 1 1 2 2 4 1 1 3 1 2 2 1 2 3 1 2 3 4 4 3 2 1 1 1 
1.096017e+03 
2.699944e+01 
1 1 4 3 3 3 4 2 1 1 3 2 4 1 1 3 1 2 2 1 2 3 1 2 3 4 4 3 2 3 1 1 
1.096017e+03 
2.699944e+01 
2 2 4 3 3 3 4 2 1 1 3 2 4 1 1 3 1 2 2 1 2 3 1 2 3 4 4 3 2 1 1 1 
6.435856e+02 
2.646706e+01 
1 1 4 3 1 3 4 2 1 1 3 2 4 1 1 3 1 2 2 1 2 3 1 2 3 4 4 3 2 1 1 1 
1.096017e+03 
2.699944e+01 
1 1 4 3 3 3 4 2 1 1 3 2 4 1 1 3 1 2 2 1 2 3 1 2 3 4 4 3 2 1 1 1 
1.096017e+03 
2.699944e+01 
1 1 4 3 3 3 4 2 1 1 3 2 4 1 1 3 1 2 2 1 2 3 1 2 3 4 4 3 2 1 1 1 
7.635201e+02 
2.663794e+01 
1 1 4 3 3 3 4 2 1 1 3 2 4 1 1 3 1 2 2 1 2 3 1 2 3 4 4 3 2 1 1 1 
1.096017e+03 
2.699944e+01 
1 1 4 3 3 3 4 2 1 1 3 2 4 1 1 3 1 2 2 1 2 3 1 2 3 4 4 3 2 1 2 1 
9.119351e+02 
2.681557e+01 
1 1 4 3 3 3 4 2 1 1 3 2 4 1 1 3 1 2 2 1 2 3 1 2 3 4 4 3 2 1 1 1 
8.910039e+02 
2.679235e+01 
1 1 4 3 3 3 4 2 1 1 3 2 4 1 1 3 1 2 2 1 2 3 1 2 3 4 4 3 2 1 1 1 
5.720793e+02 
2.634928e+01 
1 1 4 3 3 3 4 2 1 1 3 2 4 1 1 3 1 2 2 1 2 3 1 2 3 4 4 3 2 1 1 1 
1.096017e+03 
2.699944e+01 
1 1 4 3 3 3 4 2 1 1 3 2 4 1 1 3 1 2 2 1 2 3 1 2 3 4 4 3 2 1 1 1 
1.096017e+03 
2.699944e+01 
1 1 4 3 3 3 4 2 1 1 3 2 4 1 1 3 0 2 2 1 2 3 1 2 3 2 4 0 2 1 1 1 
3.125508e+02 
2.574477e+01 
1 1 2 3 3 3 4 2 1 1 3 2 4 1 1 3 1 2 2 1 2 3 1 2 3 4 4 3 2 1 1 1 
1.096017e+03 
2.699944e+01 
1 1 4 3 3 3 4 2 1 1 3 2 4 1 1 3 1 2 2 1 2 3 1 2 3 4 4 3 2 1 1 1 
7.275700e+02 
2.658971e+01 
1 1 4 1 3 3 4 2 1 1 3 2 4 1 1 3 1 2 2 1 2 3 1 2 3 4 4 3 2 1 1 1 
1.096017e+03 
2.699944e+01 
1 1 4 3 3 3 4 2 1 1 3 4 4 1 1 3 1 2 2 1 2 3 1 2 3 4 4 3 2 1 1 1 
1.067080e+03 
2.697268e+01 
1 1 4 3 3 3 4 2 1 1 3 4 4 1 1 3 1 2 2 1 2 3 1 2 3 4 4 3 2 1 1 1 
1.067080e+03 
2.697268e+01 
1 1 4 3 3 3 4 2 1 1 3 4 4 1 1 3 1 2 2 1 2 3 1 2 3 4 4 3 2 1 1 1 
1.067080e+03 
2.697268e+01 
1 1 4 3 3 3 4 2 1 1 3 4 4 1 1 3 1 2 2 1 2 3 1 2 3 4 4 3 2 1 1 1 
1.067080e+03 
2.697268e+01 
1 1 4 3 3 3 4 2 1 1 3 4 4 1 1 3 1 2 2 1 2 3 1 2 3 4 4 3 2 1 1 1 
1.067080e+03 
2.697268e+01 
1 1 4 3 3 3 4 2 1 1 3 4 4 1 1 3 1 2 2 1 2 3 1 2 3 4 4 3 2 1 1 1 
8.876239e+02 
2.678855e+01 
1 1 4 3 3 3 4 2 1 1 3 4 4 2 1 3 1 2 2 1 2 3 1 2 3 4 4 3 2 1 1 1 
5.147426e+02 
2.624367e+01 
1 4 4 3 3 3 4 2 1 1 3 2 4 1 1 3 1 2 2 1 2 3 1 2 3 4 4 3 2 1 1 1 
8.876239e+02 
2.678855e+01 
1 4 4 3 3 3 4 2 1 1 3 2 4 1 1 3 1 2 2 1 2 3 1 2 3 4 4 3 2 1 1 1 
4.547745e+02 
2.611980e+01 
1 4 4 3 3 3 4 2 1 1 3 2 4 1 1 3 1 2 2 1 2 3 1 2 2 4 4 3 2 1 1 1 
1.096017e+03 
2.699944e+01 
1 4 4 3 3 3 4 2 1 1 3 2 4 1 1 3 1 2 2 1 2 3 1 2 3 4 4 3 2 1 1 1 
8.876239e+02 
2.678855e+01 
1 1 4 3 3 3 4 2 1 1 3 2 4 1 1 3 1 2 2 1 2 3 1 2 3 4 4 3 2 1 1 1 
8.876239e+02 
2.678855e+01 
1 1 4 3 3 3 4 2 1 1 3 2 4 1 1 3 1 0 2 1 2 3 1 2 3 4 4 3 2 1 1 1 
8.876239e+02 
2.678855e+01 
1 1 4 3 3 3 4 2 1 1 3 2 4 1 1 3 1 2 2 1 2 3 1 2 3 4 4 3 2 1 1 1 
4.886627e+02 
2.619167e+01 
1 4 4 3 3 3 4 2 1 1 3 2 4 1 1 3 1 2 2 1 2 3 1 2 3 4 4 3 2 1 1 1 
1.096017e+03 
2.699944e+01 
1 4 4 3 3 3 4 2 1 1 3 2 4 1 1 3 1 2 2 1 2 3 1 2 3 4 4 3 2 1 1 1 
1.096017e+03 
2.699944e+01 
1 4 4 3 3 3 4 2 2 1 3 2 4 1 1 3 1 2 2 1 2 3 1 2 3 4 4 3 2 1 1 1 
1.096017e+03 
2.699944e+01 
1 4 4 3 3 3 4 2 1 1 3 2 4 1 1 3 1 2 2 1 2 3 1 2 3 4 4 3 2 1 1 1 
9.579220e+02 
2.686477e+01 
1 4 4 3 3 3 4 2 1 1 3 2 4 1 1 3 1 2 2 1 2 3 1 2 3 4 4 3 2 1 1 1 
5.717042e+02 
2.634862e+01 
1 1 4 3 3 3 4 2 1 1 3 2 4 1 1 3 1 2 2 1 2 3 1 2 3 4 4 3 2 1 1 1 
1.096017e+03 
2.699944e+01 
1 1 4 3 3 3 4 2 1 1 3 2 4 1 1 3 1 2 2 1 2 3 1 2 3 4 4 3 2 1 1 1 
1.096017e+03 
2.699944e+01 
1 1 4 3 3 3 4 2 1 1 3 2 4 1 3 3 1 2 2 1 2 3 1 2 3 4 4 1 2 1 1 1 
7.871225e+02 
2.666838e+01 
1 1 4 3 3 3 4 2 4 1 3 2 4 1 1 3 1 2 2 1 2 3 1 2 3 4 4 3 2 1 1 1 
9.579220e+02 
2.686477e+01 
1 1 4 3 3 3 4 2 1 1 3 2 4 1 1 3 1 2 2 1 2 3 1 2 3 4 4 3 2 1 1 1 
5.247982e+02 
2.626301e+01 
1 1 4 3 3 3 4 2 1 1 3 2 4 1 1 3 1 2 2 1 2 3 1 2 3 4 4 3 2 1 1 1 
9.579220e+02 
2.686477e+01 
1 1 4 1 3 3 4 2 4 1 3 2 4 1 1 3 1 2 2 1 2 3 1 2 3 4 4 3 2 1 1 1 
9.579220e+02 
2.686477e+01 
1 1 4 3 3 3 4 2 0 1 3 2 4 1 1 3 1 2 2 1 2 3 1 2 3 4 4 3 2 1 1 1 
9.579220e+02 
2.686477e+01 
1 1 4 1 3 3 4 2 4 1 3 2 4 1 1 3 1 2 2 1 2 3 1 2 3 4 4 3 2 1 1 1 
9.579220e+02 
2.686477e+01 
1 1 4 1 3 3 4 2 4 1 3 2 4 1 1 3 1 2 2 1 2 3 1 2 3 4 4 3 2 1 1 1 
9.579220e+02 
2.686477e+01 
1 1 4 1 3 3 4 2 4 1 3 2 4 1 1 3 1 2 2 1 2 3 1 2 3 4 4 3 2 1 1 1 
9.579220e+02 
2.686477e+01 
1 1 4 1 3 3 4 2 4 1 3 2 4 1 1 3 1 2 2 1 2 3 1 2 3 4 4 3 2 1 1 1 
9.579220e+02 
2.686477e+01 
1 1 4 1 3 3 4 2 4 1 3 2 4 1 1 3 1 2 2 1 2 3 1 2 3 4 4 3 2 1 1 1 
7.141497e+02 
2.657109e+01 
1 1 4 1 3 3 4 2 4 1 3 2 4 2 1 3 1 2 2 1 2 3 1 2 3 4 4 3 2 1 1 1 
9.579220e+02 
2.686477e+01 
1 1 4 1 3 3 4 2 4 1 3 1 4 1 1 3 1 2 2 1 2 3 1 2 3 4 4 3 2 1 1 1 
3.486778e+02 
2.585415e+01 
1 1 4 1 3 3 4 2 4 1 3 2 4 1 1 3 1 2 2 1 2 3 1 2 3 4 4 3 2 1 1 1 
1.096017e+03 
2.699944e+01 
1 1 4 1 3 3 4 2 4 1 3 2 4 1 1 3 1 2 2 1 2 3 1 2 3 4 4 3 2 1 1 1 
8.672962e+02 
2.676538e+01 
1 1 4 1 3 3 4 2 4 1 3 2 4 1 1 3 1 2 2 1 2 3 1 2 3 4 4 3 2 1 1 1 
8.672962e+02 
2.676538e+01 
1 1 4 3 3 3 4 2 1 1 3 2 4 1 1 3 1 2 2 4 2 3 1 2 3 4 4 3 2 1 1 1 
9.176032e+02 
2.682177e+01 
1 2 4 3 3 3 4 2 1 1 3 2 4 1 0 3 1 2 2 1 2 3 1 2 3 4 4 3 2 1 1 1 
9.176032e+02 
2.682177e+01 
