1 1 4 1 3 3 1 2 1 1 3 1 4 2 1 2 4 2 2 1 2 3 1 2 3 4 4 3 2 1 1 1 
9.582579e+02 
2.686512e+01 
3 1 4 1 3 3 1 2 1 1 3 1 4 2 1 3 4 2 2 1 2 3 1 2 3 4 4 3 2 1 1 1 
9.582579e+02 
2.686512e+01 
1 1 4 1 3 3 1 2 1 4 3 1 4 2 1 3 4 2 2 1 2 3 1 2 3 4 4 3 2 1 1 1 
1.025244e+03 
2.693269e+01 
1 1 4 1 3 3 1 2 1 1 3 1 4 2 1 3 4 2 2 1 2 3 1 2 3 4 4 3 2 1 1 1 
1.157137e+03 
2.705370e+01 
1 1 4 1 3 3 1 2 1 4 3 1 4 2 1 3 4 2 2 1 2 3 1 2 3 4 4 3 2 1 1 1 
8.831255e+02 
2.678347e+01 
1 1 4 1 3 3 1 2 1 4 3 1 4 2 1 3 4 2 2 1 2 3 1 2 3 4 4 3 2 1 1 1 
9.614743e+02 
2.686847e+01 
2 1 4 1 3 3 1 2 1 1 3 1 4 2 1 3 4 2 2 1 2 3 1 2 3 4 4 3 2 1 1 1 
9.614743e+02 
2.686847e+01 
1 1 4 1 3 3 1 2 1 1 3 1 4 2 1 3 4 2 2 1 2 3 1 0 3 4 4 3 2 1 1 1 
1.157137e+03 
2.705370e+01 
1 1 4 1 3 3 1 2 1 1 3 1 4 2 1 3 4 2 2 1 2 3 1 2 3 4 4 3 2 1 1 1 
1.157137e+03 
2.705370e+01 
1 1 4 1 3 3 1 2 1 1 3 1 4 2 1 3 4 2 2 1 2 3 1 2 3 4 4 3 2 1 1 1 
1.157137e+03 
2.705370e+01 
1 1 4 1 3 3 1 2 1 1 3 1 4 2 1 3 4 2 2 1 2 3 1 2 3 4 2 3 2 1 1 1 
1.157137e+03 
2.705370e+01 
3 1 4 1 3 3 1 2 1 1 3 1 4 2 1 3 1 2 2 4 2 3 1 2 3 3 4 3 2 1 1 1 
1.157137e+03 
2.705370e+01 
1 1 4 1 3 3 1 2 1 1 3 1 4 2 1 3 1 2 2 4 2 3 1 3 3 4 4 3 2 1 1 1 
6.184485e+02 
2.642721e+01 
1 1 4 1 3 3 1 2 1 1 3 1 4 2 1 3 1 2 2 4 2 3 1 2 3 4 4 3 2 1 1 1 
8.417405e+02 
2.673547e+01 
1 1 4 1 3 3 1 2 1 1 3 1 4 2 1 3 1 2 2 1 2 3 1 2 3 4 4 3 2 0 1 1 
9.204140e+02 
2.682482e+01 
1 1 4 1 3 3 4 2 1 1 3 1 4 2 1 3 1 2 2 4 2 3 1 2 3 4 4 3 2 1 1 1 
9.204140e+02 
2.682482e+01 
1 1 4 1 3 3 4 2 1 1 3 1 4 2 1 3 1 2 2 1 2 3 1 2 3 4 4 3 2 1 1 1 
5.010248e+02 
2.621666e+01 
1 1 4 1 3 3 4 2 1 1 3 1 4 2 1 3 1 2 2 1 2 3 1 2 3 4 4 3 2 1 1 1 
1.155393e+03 
2.705220e+01 
1 1 4 1 3 3 4 2 1 1 3 1 4 2 1 3 1 2 2 1 2 3 1 2 3 4 4 3 2 1 1 1 
1.130770e+03 
2.703065e+01 
1 1 4 1 3 3 4 2 1 1 3 1 4 2 1 3 1 2 2 1 2 3 1 2 3 4 4 3 2 1 1 1 
1.130770e+03 
2.703065e+01 
1 1 4 1 3 3 4 2 1 1 3 1 4 2 1 3 1 2 2 1 2 3 1 2 3 4 4 3 2 1 1 1 
1.130770e+03 
2.703065e+01 
1 1 4 1 3 3 4 2 1 1 3 1 4 2 1 3 1 2 2 1 2 3 1 2 3 4 4 3 2 1 1 1 
1.130770e+03 
2.703065e+01 
1 1 4 1 3 3 4 2 1 1 3 1 4 2 1 3 1 2 2 1 2 3 1 2 3 4 4 3 2 1 1 1 
1.130770e+03 
2.703065e+01 
1 1 4 1 3 3 4 2 1 1 3 1 4 2 1 3 1 2 2 1 2 3 1 2 3 4 4 3 2 1 1 1 
1.130770e+03 
2.703065e+01 
1 1 4 1 3 3 4 2 1 1 3 1 4 2 1 3 1 2 2 1 2 3 1 2 3 4 4 3 2 1 1 1 
1.130770e+03 
2.703065e+01 
1 1 4 1 3 3 4 2 1 1 3 1 4 2 1 3 1 2 2 1 2 3 1 0 3 4 4 3 2 1 1 1 
6.905530e+02 
2.653749e+01 
1 1 4 1 3 3 4 2 1 1 2 1 4 2 1 3 1 2 2 1 2 3 1 2 3 4 4 3 2 1 1 1 
1.130770e+03 
2.703065e+01 
1 1 4 1 3 3 4 2 1 1 3 1 4 2 1 3 1 2 2 1 2 3 1 2 3 4 4 3 2 1 1 1 
1.130770e+03 
2.703065e+01 
1 1 4 1 3 3 4 2 1 1 3 1 4 2 1 3 1 2 2 1 2 3 1 2 3 4 4 3 2 1 1 1 
8.852270e+02 
2.678584e+01 
1 1 4 1 3 3 4 2 1 1 3 1 4 2 1 3 1 2 1 1 2 3 0 2 3 4 4 3 2 1 1 1 
1.130770e+03 
2.703065e+01 
1 1 4 1 3 3 4 2 1 1 3 1 4 2 1 3 1 2 2 1 2 3 1 2 3 4 4 3 2 1 1 1 
1.130770e+03 
2.703065e+01 
1 1 4 1 3 3 4 2 1 1 3 1 4 2 1 3 1 2 2 1 2 3 1 2 3 4 4 3 2 1 1 1 
1.130770e+03 
2.703065e+01 
1 1 4 1 3 3 4 2 1 1 3 1 4 2 1 3 1 2 2 1 2 3 1 2 3 4 4 3 2 1 1 1 
1.130770e+03 
2.703065e+01 
1 1 4 1 3 3 4 2 1 1 3 1 4 2 1 3 1 2 2 1 2 3 1 2 3 4 4 3 2 1 1 1 
8.816657e+02 
2.678181e+01 
1 1 4 1 3 3 4 2 1 1 3 1 4 2 1 3 1 2 2 1 2 3 1 2 3 4 4 3 2 1 1 1 
1.130770e+03 
2.703065e+01 
1 1 4 1 3 3 4 2 1 1 3 1 4 2 1 3 1 2 2 1 2 3 1 2 3 4 4 3 2 1 1 1 
1.130770e+03 
2.703065e+01 
1 1 4 1 3 3 4 2 1 1 3 1 4 2 1 3 1 2 2 1 2 3 1 2 3 4 4 3 2 1 1 1 
1.130770e+03 
2.703065e+01 
1 1 4 1 3 3 4 2 1 1 3 1 4 2 1 3 1 2 2 1 2 3 1 2 3 4 4 3 2 1 1 1 
1.130770e+03 
2.703065e+01 
1 1 4 1 3 3 4 2 1 1 3 1 4 2 1 3 1 2 2 1 2 3 1 2 3 4 4 3 2 1 1 1 
8.638827e+02 
2.676144e+01 
1 1 4 1 3 3 4 2 1 1 3 1 4 2 1 3 1 2 2 1 2 3 1 2 3 4 4 3 2 1 1 1 
8.638827e+02 
2.676144e+01 
1 1 4 1 3 3 4 2 1 1 3 1 4 2 1 3 1 2 2 1 2 3 1 2 3 4 4 3 2 1 1 1 
8.894128e+02 
2.679056e+01 
1 1 4 1 3 3 4 2 1 1 3 1 4 2 1 3 3 2 2 1 2 3 1 2 3 4 4 3 2 1 1 1 
4.895307e+02 
2.619345e+01 
1 1 4 1 3 3 4 2 1 1 3 3 4 2 4 3 1 2 2 1 2 3 1 2 3 4 4 3 2 1 1 1 
5.815079e+02 
2.636562e+01 
1 1 4 1 3 3 4 2 1 1 3 3 4 2 4 3 1 2 2 1 2 3 1 2 3 4 4 3 2 1 1 1 
1.117797e+03 
2.701912e+01 
1 1 4 1 3 3 4 2 1 1 3 3 4 2 4 3 1 2 2 1 2 1 1 2 3 4 4 3 2 1 1 1 
1.117797e+03 
2.701912e+01 
1 1 4 1 3 3 4 2 1 1 3 1 4 2 1 3 1 2 2 1 2 3 1 2 3 4 4 3 2 1 1 1 
7.008520e+02 
2.655230e+01 
1 1 4 1 1 3 4 2 1 1 3 1 4 2 1 3 1 2 2 1 2 1 1 2 3 4 4 3 2 1 1 1 
1.117797e+03 
2.701912e+01 
1 1 4 1 3 3 4 2 1 1 3 1 4 2 1 3 1 4 2 1 2 1 1 2 3 4 4 3 2 1 1 1 
1.117797e+03 
2.701912e+01 
1 1 4 1 3 3 4 2 1 1 3 1 4 2 1 3 1 4 2 1 2 1 1 2 3 4 4 3 2 1 1 1 
8.725497e+02 
2.677142e+01 
2 1 4 1 3 3 4 2 1 1 3 1 4 1 1 3 1 2 2 1 2 1 1 2 3 4 4 3 2 1 1 1 
1.010762e+03 
2.691846e+01 
1 1 4 1 3 3 4 2 1 1 3 1 4 1 1 3 1 2 2 1 2 3 1 2 3 4 4 3 2 1 1 1 
6.319139e+02 
2.644875e+01 
1 1 4 1 3 3 4 2 1 1 3 1 4 1 1 3 1 2 2 1 2 3 1 2 3 4 4 3 2 1 1 1 
1.024750e+03 
2.693220e+01 
1 1 4 1 3 3 4 0 1 1 3 1 4 2 1 3 1 2 2 1 2 3 1 2 3 1 4 3 2 1 1 1 
1.130770e+03 
2.703065e+01 
1 1 4 1 3 3 4 2 1 1 3 1 4 2 1 3 1 2 2 1 2 2 1 2 3 1 4 3 2 1 1 1 
1.130770e+03 
2.703065e+01 
1 1 4 1 3 2 4 2 1 1 3 1 4 2 1 3 1 2 2 1 2 3 1 2 3 4 4 3 2 1 1 1 
1.130770e+03 
2.703065e+01 
1 1 4 1 3 2 4 2 1 1 3 1 4 2 1 3 1 2 2 1 2 3 1 2 3 4 4 3 2 1 1 1 
1.130770e+03 
2.703065e+01 
1 1 4 1 3 3 4 2 1 1 3 1 4 2 1 3 1 2 2 1 2 3 1 2 3 4 4 3 2 1 1 1 
1.130770e+03 
2.703065e+01 
1 1 4 1 3 3 4 2 1 3 3 1 4 2 1 3 1 2 2 1 2 3 1 2 3 4 4 3 2 1 1 1 
1.130770e+03 
2.703065e+01 
1 1 4 1 3 3 4 2 1 1 3 1 4 2 1 3 1 2 2 1 2 3 1 2 3 4 4 3 2 1 1 1 
7.573812e+02 
2.662987e+01 
1 1 4 1 3 3 4 2 1 1 3 1 4 2 1 3 1 2 2 1 2 3 1 2 3 4 4 3 2 1 1 1 
1.130770e+03 
2.703065e+01 
1 1 4 1 3 3 4 2 1 1 3 1 4 2 1 3 1 2 2 1 2 3 1 2 3 4 4 3 2 1 1 1 
7.034717e+02 
2.655603e+01 
1 1 4 1 3 3 4 2 1 1 3 1 4 2 1 3 1 2 2 1 2 3 1 2 3 4 4 3 2 1 1 1 
7.034717e+02 
2.655603e+01 
1 1 4 1 3 3 4 2 1 1 3 1 4 2 1 3 1 1 2 1 2 3 1 2 3 4 4 3 2 1 1 1 
1.130770e+03 
2.703065e+01 
1 1 4 1 3 3 4 2 1 1 3 1 4 2 1 3 1 2 2 1 2 3 1 2 3 4 4 3 2 1 1 1 
1.130770e+03 
2.703065e+01 
1 1 4 1 3 3 4 2 1 1 3 1 4 2 1 3 1 2 2 1 2 3 1 2 3 4 4 3 2 1 1 1 
1.130770e+03 
2.703065e+01 
1 1 4 1 3 3 4 2 1 1 3 1 4 2 1 3 1 1 2 1 2 3 1 2 3 4 4 3 2 1 1 1 
1.130770e+03 
2.703065e+01 
1 1 4 1 3 3 4 2 1 1 3 1 4 2 1 3 1 2 2 1 2 3 1 2 3 4 4 3 2 1 1 1 
1.130770e+03 
2.703065e+01 
1 1 4 1 3 3 4 2 1 1 3 1 4 2 1 3 1 2 2 1 2 3 1 2 3 4 4 3 2 1 1 1 
1.130770e+03 
2.703065e+01 
1 1 4 1 3 3 4 2 1 1 3 1 4 2 1 3 1 2 2 1 2 3 1 2 3 4 4 3 2 1 1 1 
1.130770e+03 
2.703065e+01 
1 1 4 1 3 3 4 2 1 1 3 1 4 2 1 3 1 2 2 1 2 3 1 2 3 4 4 3 2 1 1 1 
1.130770e+03 
2.703065e+01 
1 1 4 1 3 3 4 2 1 1 3 1 4 2 1 3 1 2 2 1 2 3 1 2 3 4 4 3 2 1 1 1 
1.130770e+03 
2.703065e+01 
1 1 4 1 3 3 4 2 1 1 3 1 4 2 1 3 1 2 2 1 2 3 1 2 3 4 4 3 2 1 1 1 
1.130770e+03 
2.703065e+01 
1 1 4 1 3 3 4 2 1 1 3 1 4 2 1 3 1 2 2 1 2 3 1 2 3 4 4 3 2 1 1 1 
1.130770e+03 
2.703065e+01 
1 2 4 1 3 3 4 2 1 1 3 1 4 2 1 3 1 2 2 1 2 3 1 2 3 4 4 3 2 1 1 1 
1.130770e+03 
2.703065e+01 
1 1 4 1 3 3 4 2 1 1 3 1 4 2 1 3 1 2 2 1 2 3 1 2 3 4 4 3 2 1 1 1 
1.130770e+03 
2.703065e+01 
1 1 4 1 3 3 4 2 1 1 3 1 4 2 1 3 1 2 2 1 2 3 1 2 3 4 4 3 2 1 1 1 
1.130770e+03 
2.703065e+01 
1 1 4 1 3 3 4 2 1 1 3 1 4 2 1 3 1 2 2 1 2 3 1 2 3 4 2 3 2 1 1 1 
1.130770e+03 
2.703065e+01 
1 1 4 1 3 3 4 2 1 1 3 1 4 2 1 3 1 2 2 1 2 3 1 2 3 4 4 3 2 1 1 1 
1.130770e+03 
2.703065e+01 
1 1 4 0 3 3 4 2 1 1 3 2 4 1 1 3 1 2 2 2 2 3 1 2 3 4 4 3 2 1 1 1 
1.084445e+03 
2.698882e+01 
1 1 4 0 3 3 4 2 1 4 3 1 4 1 3 3 1 2 2 2 2 3 1 2 3 4 4 3 2 1 1 1 
1.036667e+03 
2.694377e+01 
1 1 4 0 3 3 4 2 1 4 3 1 4 1 3 3 1 2 2 2 2 3 1 2 3 4 4 3 2 1 1 1 
1.084445e+03 
2.698882e+01 
1 1 4 0 3 3 4 2 1 4 3 1 4 1 3 3 1 2 2 2 2 3 1 2 3 4 4 3 2 1 1 1 
7.461319e+02 
2.661490e+01 
1 1 4 0 3 3 4 2 1 1 3 1 4 1 1 3 1 2 2 2 2 3 1 1 3 4 4 3 2 1 1 1 
7.727459e+02 
2.664995e+01 
1 1 4 0 3 3 4 2 1 1 3 1 4 1 1 3 1 2 2 2 2 3 1 2 3 4 4 3 2 1 1 1 
7.568784e+02 
2.662920e+01 
1 1 4 0 3 3 4 2 1 1 3 1 4 1 1 3 1 2 2 2 2 3 1 2 3 4 4 3 2 1 1 1 
1.084445e+03 
2.698882e+01 
1 1 4 0 3 3 4 2 1 1 3 1 4 1 1 3 1 2 2 2 2 3 1 2 3 4 4 3 2 1 1 1 
1.084445e+03 
2.698882e+01 
1 1 4 0 3 3 4 2 1 1 3 1 4 1 1 3 1 4 2 2 2 3 1 2 3 4 4 3 2 1 1 1 
6.599414e+02 
2.649215e+01 
1 1 4 0 3 3 4 2 1 1 3 1 4 1 1 3 1 2 2 2 2 3 1 2 3 4 4 3 2 1 1 1 
6.599414e+02 
2.649215e+01 
1 1 4 0 3 3 4 2 1 1 3 1 4 1 1 3 1 4 2 2 2 3 1 2 3 4 4 3 2 1 1 1 
1.009261e+03 
2.691697e+01 
1 1 4 0 3 3 4 2 1 1 3 1 4 1 1 3 1 4 2 2 2 3 1 2 3 4 4 3 2 1 1 1 
1.009261e+03 
2.691697e+01 
1 1 4 1 3 3 4 2 1 1 3 1 4 2 1 3 1 3 2 2 2 3 1 2 3 4 4 3 2 1 1 1 
1.009261e+03 
2.691697e+01 
1 1 4 1 3 3 4 2 1 1 3 1 4 2 1 3 1 3 2 2 2 3 1 2 3 4 4 3 2 1 1 1 
1.009261e+03 
2.691697e+01 
1 1 4 1 3 3 4 2 1 1 3 1 4 2 1 3 1 3 2 2 2 3 1 2 3 4 4 3 2 1 1 1 
1.009261e+03 
2.691697e+01 
1 1 4 1 3 3 4 2 1 1 3 1 4 2 1 3 1 3 2 2 2 3 1 2 3 4 4 3 2 1 1 1 
1.009261e+03 
2.691697e+01 
1 1 4 1 3 3 4 2 1 1 3 1 4 2 1 3 1 3 2 2 2 3 1 2 3 4 4 3 2 1 1 1 
8.245313e+02 
2.671482e+01 
1 1 4 1 3 3 4 2 1 1 3 1 4 2 1 3 1 3 2 2 2 3 1 2 3 4 4 3 2 1 1 1 
8.057335e+02 
2.669175e+01 
1 1 4 1 3 3 4 2 1 1 3 1 4 2 3 3 1 3 2 2 2 3 1 2 3 4 4 3 2 1 1 1 
1.009261e+03 
2.691697e+01 
1 1 4 1 3 3 4 2 1 1 3 1 4 2 2 3 1 3 2 2 2 3 1 2 3 4 4 3 2 1 1 1 
6.983175e+02 
2.654867e+01 
1 1 4 1 3 3 4 2 1 1 1 1 4 2 1 3 1 2 2 1 2 3 1 2 3 4 4 3 2 1 1 1 
1.130770e+03 
2.703065e+01 
1 1 4 1 3 3 4 2 1 1 3 1 4 2 1 3 1 3 2 2 2 3 1 2 3 4 4 3 2 1 1 1 
8.037052e+02 
2.668923e+01 
