1 1 4 4 3 2 4 2 4 1 3 1 4 4 1 3 4 2 4 3 2 3 3 2 2 4 3 3 2 1 1 1 
1.230513e+03 
2.711519e+01 
1 1 4 4 3 2 4 2 4 1 3 1 4 4 1 4 4 2 4 3 2 3 3 2 2 4 3 3 2 1 1 1 
8.760558e+02 
2.677543e+01 
1 1 4 4 3 2 4 2 4 1 3 1 4 4 1 3 4 2 4 3 2 3 3 2 2 4 3 3 2 1 1 1 
1.329007e+03 
2.719219e+01 
0 1 4 4 3 2 4 2 4 1 3 1 4 4 1 3 4 2 4 3 2 3 3 2 2 4 3 3 2 1 1 1 
1.329007e+03 
2.719219e+01 
1 0 4 4 3 2 4 2 4 1 3 1 4 4 1 3 4 2 4 3 2 3 3 4 2 4 3 3 2 1 1 1 
1.113600e+03 
2.701535e+01 
1 1 4 4 3 2 4 2 4 1 3 1 4 4 1 3 4 2 4 3 2 3 3 4 2 4 3 3 2 1 1 1 
1.230513e+03 
2.711519e+01 
1 1 4 4 3 2 4 2 4 1 3 1 4 4 1 3 4 2 4 3 2 3 3 4 2 4 3 3 2 1 1 1 
1.230513e+03 
2.711519e+01 
1 1 4 4 3 2 4 2 4 1 3 1 4 4 1 3 4 2 4 3 2 3 3 4 2 4 3 3 2 1 1 1 
1.230513e+03 
2.711519e+01 
1 1 4 4 3 2 4 2 4 1 3 1 4 4 1 3 4 2 4 3 2 3 3 2 2 4 0 3 0 1 1 1 
1.058069e+03 
2.696420e+01 
1 1 4 4 3 2 4 2 4 1 3 1 4 4 1 3 4 2 4 3 2 0 3 4 2 4 3 3 2 1 1 1 
9.544565e+02 
2.686114e+01 
1 1 4 4 3 2 4 2 4 1 3 1 4 4 1 3 4 2 4 3 2 3 3 2 2 4 3 3 2 1 1 1 
8.009465e+02 
2.668579e+01 
1 1 4 4 3 2 4 2 4 1 3 1 4 4 1 3 4 2 4 3 2 3 3 2 2 4 3 3 2 1 1 1 
1.329007e+03 
2.719219e+01 
1 1 4 4 3 2 4 2 4 1 3 1 4 4 1 3 4 2 4 3 2 3 3 2 2 4 3 3 2 1 1 1 
1.329007e+03 
2.719219e+01 
1 1 4 4 3 2 4 2 4 1 3 1 4 4 1 3 4 2 4 3 2 3 3 2 2 4 3 3 2 1 1 1 
5.990431e+02 
2.639533e+01 
1 1 4 4 3 2 4 2 4 1 3 1 4 4 1 3 4 2 4 3 2 3 3 2 2 4 3 3 2 1 1 1 
1.329007e+03 
2.719219e+01 
1 1 4 4 3 2 4 2 4 1 3 1 4 4 1 3 4 2 4 3 2 3 0 2 2 4 3 3 2 1 1 1 
1.329007e+03 
2.719219e+01 
1 1 4 4 3 2 4 2 4 1 3 1 4 4 1 3 4 2 4 3 2 4 3 2 2 4 3 3 2 1 1 1 
1.329007e+03 
2.719219e+01 
1 1 4 4 3 2 4 2 4 1 3 1 4 4 1 3 4 2 4 2 2 3 3 2 2 4 3 3 2 4 1 1 
1.329007e+03 
2.719219e+01 
1 1 4 4 3 2 4 2 4 1 3 1 4 4 1 3 4 2 4 3 2 3 3 2 2 4 3 3 2 1 1 1 
1.329007e+03 
2.719219e+01 
1 1 4 4 3 2 4 2 4 1 3 1 4 4 1 3 4 2 4 3 2 3 3 2 2 4 3 3 2 1 1 1 
1.329007e+03 
2.719219e+01 
1 1 4 4 3 2 4 2 4 1 3 1 4 4 1 3 4 2 4 3 2 3 3 2 2 4 3 3 2 1 1 1 
1.329007e+03 
2.719219e+01 
1 1 4 4 3 2 4 2 4 1 3 1 4 4 1 3 4 2 4 3 2 3 3 2 2 4 3 3 2 1 1 1 
1.329007e+03 
2.719219e+01 
1 1 4 4 3 2 4 2 4 1 3 1 4 4 1 3 4 2 4 3 2 3 3 2 2 4 3 3 2 1 1 1 
1.329007e+03 
2.719219e+01 
1 1 4 4 3 2 4 2 4 1 3 1 4 4 1 3 4 2 4 3 2 3 3 2 2 4 3 3 2 1 1 1 
1.329007e+03 
2.719219e+01 
1 1 4 4 3 2 4 2 4 1 3 1 4 4 1 3 4 2 4 3 2 3 3 2 2 4 3 3 2 1 1 1 
8.139901e+02 
2.670195e+01 
1 1 4 4 3 2 4 2 4 1 3 1 4 4 1 3 4 2 4 3 2 3 3 2 2 4 3 3 2 1 1 1 
4.085320e+02 
2.601257e+01 
1 1 4 4 3 2 4 2 4 1 3 1 4 4 1 3 4 2 4 3 2 3 3 2 2 4 3 3 2 1 1 1 
1.230513e+03 
2.711519e+01 
1 1 4 4 3 2 4 2 4 1 3 1 4 4 1 3 4 2 4 3 2 3 3 2 2 4 3 3 2 1 1 1 
1.329007e+03 
2.719219e+01 
1 1 4 4 3 2 4 2 4 1 3 1 4 4 1 3 4 2 4 3 2 3 3 2 2 4 3 3 2 1 1 1 
1.329007e+03 
2.719219e+01 
1 1 4 4 3 2 4 2 4 1 3 1 4 4 1 3 4 2 4 3 2 3 3 2 2 4 3 3 2 1 1 1 
1.329007e+03 
2.719219e+01 
1 1 4 4 3 2 4 2 4 1 3 1 4 4 1 3 4 2 4 3 2 3 3 2 2 4 3 3 2 1 1 1 
1.329007e+03 
2.719219e+01 
1 1 4 4 3 2 4 2 4 1 3 1 4 4 1 3 4 2 4 3 2 3 3 2 2 4 3 3 2 1 1 1 
9.912960e+02 
2.689901e+01 
1 1 4 4 3 2 4 2 4 1 3 1 4 4 1 3 4 2 4 3 2 3 3 2 2 4 3 3 2 1 1 1 
1.329007e+03 
2.719219e+01 
1 1 4 4 3 2 4 2 4 1 3 1 4 4 1 3 4 2 4 3 2 3 3 2 2 4 3 3 2 1 1 1 
1.329007e+03 
2.719219e+01 
1 1 4 4 3 2 4 2 4 1 3 1 4 4 1 3 4 2 4 3 2 3 3 2 2 4 3 3 2 1 1 1 
1.329007e+03 
2.719219e+01 
1 1 4 4 3 2 4 2 4 1 3 1 4 4 1 3 4 2 4 3 2 3 3 2 2 4 3 3 2 1 1 1 
1.329007e+03 
2.719219e+01 
1 1 4 4 3 2 4 2 4 1 3 1 4 4 1 3 4 2 4 3 2 3 3 4 2 4 3 3 2 1 1 1 
1.177098e+03 
2.707081e+01 
1 1 4 4 3 2 4 2 4 1 3 1 4 4 1 3 4 2 4 3 2 3 3 2 2 4 3 3 2 1 1 1 
1.329007e+03 
2.719219e+01 
1 1 4 4 3 2 4 2 4 1 3 1 4 4 1 3 4 2 4 3 2 3 3 4 2 4 3 3 2 1 1 1 
1.230513e+03 
2.711519e+01 
1 1 4 4 3 2 4 2 4 1 3 1 4 4 1 3 4 2 4 3 2 3 3 4 2 4 3 3 2 1 1 1 
1.230513e+03 
2.711519e+01 
1 1 4 4 3 2 4 2 4 1 3 1 4 4 1 3 4 2 4 3 2 3 3 4 2 4 3 3 2 1 1 1 
1.230513e+03 
2.711519e+01 
1 1 4 4 3 2 4 2 4 1 3 1 4 4 1 3 4 2 4 3 2 3 3 4 2 4 3 3 2 1 1 1 
7.487842e+02 
2.661845e+01 
1 1 4 4 3 2 4 2 4 1 3 1 4 4 1 3 4 2 4 3 2 3 3 2 2 4 3 3 2 1 1 1 
1.230513e+03 
2.711519e+01 
1 1 4 4 3 2 4 2 4 1 3 1 4 4 1 3 4 2 4 3 2 3 3 4 2 4 3 3 2 3 1 1 
1.329007e+03 
2.719219e+01 
1 1 4 4 3 2 4 2 4 2 3 1 4 4 1 3 4 2 4 3 2 3 3 2 2 4 3 3 2 1 1 1 
8.384537e+02 
2.673156e+01 
1 1 4 4 3 2 4 2 4 1 3 1 4 4 2 3 4 2 4 3 2 3 3 4 2 4 3 3 2 1 1 1 
6.812421e+02 
2.652392e+01 
1 1 4 4 3 2 4 2 4 2 3 1 4 4 1 3 4 2 4 3 2 3 3 4 2 4 3 3 2 1 1 1 
7.414794e+02 
2.660865e+01 
1 1 4 4 3 2 4 2 4 2 3 1 4 4 1 3 4 2 4 3 2 3 3 4 2 4 3 3 2 1 1 1 
1.230513e+03 
2.711519e+01 
1 1 4 4 3 2 4 2 4 1 3 1 4 4 1 3 4 2 4 3 2 3 3 2 2 4 3 3 2 1 1 1 
1.329007e+03 
2.719219e+01 
1 1 4 4 3 2 4 2 4 1 3 1 4 4 1 3 4 1 4 3 2 3 3 2 2 4 3 3 2 1 1 1 
5.016726e+02 
2.621795e+01 
1 1 4 4 3 2 4 2 4 1 3 1 4 4 1 3 4 2 4 3 2 3 3 2 2 4 3 3 2 1 1 1 
1.329007e+03 
2.719219e+01 
1 1 4 4 3 2 4 2 4 1 3 1 4 4 1 3 4 2 4 3 1 3 3 4 2 4 3 3 2 1 1 1 
1.329007e+03 
2.719219e+01 
1 1 4 4 3 2 4 2 4 1 3 1 4 4 1 3 4 2 4 3 2 3 3 2 2 4 3 3 2 1 1 1 
1.329007e+03 
2.719219e+01 
1 1 4 4 3 2 4 2 4 1 3 1 4 4 1 3 4 2 4 3 2 3 3 2 2 4 3 3 2 1 1 1 
1.329007e+03 
2.719219e+01 
1 1 4 4 3 2 4 2 4 1 3 1 4 4 1 3 4 2 4 3 2 3 3 2 2 4 3 3 2 1 1 1 
1.329007e+03 
2.719219e+01 
1 1 4 4 3 2 4 2 4 1 4 1 4 4 1 3 4 2 4 3 2 3 3 2 2 4 3 3 2 1 1 1 
1.329007e+03 
2.719219e+01 
1 1 4 4 3 2 4 2 4 1 3 1 4 4 1 3 4 2 4 3 2 3 3 2 2 4 3 3 2 1 1 1 
1.329007e+03 
2.719219e+01 
1 1 4 4 3 2 4 2 4 1 3 1 4 4 1 3 4 2 4 3 2 3 3 2 2 4 3 3 2 1 1 1 
8.762829e+02 
2.677569e+01 
1 1 4 4 3 2 4 2 4 1 3 1 4 4 1 3 4 2 4 3 2 3 3 2 2 4 3 3 2 1 1 1 
1.329007e+03 
2.719219e+01 
1 1 4 4 3 2 4 2 4 1 3 1 4 4 1 3 4 2 4 3 2 3 3 2 2 4 3 3 2 1 1 1 
9.148834e+02 
2.681880e+01 
1 1 4 4 3 2 4 2 4 1 3 1 4 4 1 3 4 2 4 3 2 3 3 2 2 4 3 3 2 1 1 1 
9.521791e+02 
2.685875e+01 
1 1 4 4 3 2 4 2 4 1 3 1 4 4 1 3 4 2 4 3 2 3 3 2 2 4 3 3 2 1 1 1 
1.329007e+03 
2.719219e+01 
1 1 4 4 3 2 4 2 4 1 3 1 4 4 1 3 4 2 4 3 2 3 3 2 2 4 3 3 2 1 1 1 
1.329007e+03 
2.719219e+01 
1 1 4 4 3 2 4 2 4 1 3 1 4 4 1 3 4 2 4 3 2 3 3 2 2 4 3 2 2 1 1 1 
1.329007e+03 
2.719219e+01 
1 1 1 4 3 2 4 2 4 1 3 1 4 4 1 3 4 2 4 3 2 3 3 2 2 4 3 3 2 1 1 1 
8.888613e+02 
2.678994e+01 
1 1 1 4 3 2 4 2 4 1 3 1 4 4 1 3 4 2 4 3 2 3 3 2 2 4 3 3 2 1 1 1 
7.870309e+02 
2.666827e+01 
1 1 4 4 3 2 4 2 4 1 3 1 4 4 1 3 4 2 4 3 2 3 3 2 2 4 3 3 2 1 1 1 
1.190224e+03 
2.708190e+01 
1 1 4 4 3 2 4 2 4 1 3 1 4 4 1 3 4 2 4 3 2 3 3 2 2 3 3 3 2 1 1 1 
1.196327e+03 
2.708701e+01 
1 1 4 4 3 2 4 2 4 1 3 1 4 4 1 3 4 2 4 3 2 3 3 2 2 4 3 3 2 1 1 1 
1.190224e+03 
2.708190e+01 
1 1 4 4 3 2 4 2 4 1 3 1 4 4 1 3 4 2 4 3 2 3 3 2 2 4 3 3 2 1 1 1 
6.609171e+02 
2.649363e+01 
1 1 4 2 3 2 4 2 4 1 3 1 4 4 1 3 4 2 4 3 2 3 3 1 2 4 3 3 2 1 1 1 
1.329007e+03 
2.719219e+01 
1 1 4 2 3 2 4 2 4 1 3 1 4 4 1 3 4 2 4 3 2 3 3 2 2 1 3 3 2 1 1 1 
7.249875e+02 
2.658615e+01 
1 1 4 2 3 2 4 2 4 1 3 1 4 4 1 3 4 2 4 4 2 3 3 2 2 4 3 3 2 1 1 1 
1.329007e+03 
2.719219e+01 
1 1 4 2 3 2 4 2 4 1 3 1 4 4 1 3 4 2 4 4 2 3 3 2 2 4 3 3 2 1 1 1 
1.329007e+03 
2.719219e+01 
1 1 4 2 3 2 4 2 4 1 3 1 4 4 3 3 4 2 4 3 2 3 3 2 2 4 3 3 2 1 1 1 
1.329007e+03 
2.719219e+01 
1 1 4 2 3 2 4 2 4 1 3 1 4 4 1 3 4 2 4 3 2 3 3 2 2 4 3 3 2 1 1 1 
1.329007e+03 
2.719219e+01 
1 1 4 2 3 2 4 2 4 1 3 1 4 4 1 0 4 2 4 3 2 3 3 2 2 4 3 3 2 1 1 1 
9.630549e+02 
2.687011e+01 
1 1 4 2 3 2 4 2 4 1 3 1 4 4 1 3 4 2 4 3 2 3 3 2 2 4 3 3 2 1 1 1 
9.630549e+02 
2.687011e+01 
1 1 4 2 3 2 4 2 4 1 3 1 4 4 1 3 4 2 3 3 2 3 3 2 2 4 3 3 2 1 1 1 
1.345945e+03 
2.720485e+01 
1 1 4 2 3 2 4 2 4 1 3 1 4 4 1 3 4 2 4 3 2 3 3 2 2 4 3 3 2 1 1 1 
1.345945e+03 
2.720485e+01 
1 1 4 2 3 2 4 2 4 1 3 1 4 4 1 3 4 2 4 2 2 3 3 2 2 4 3 3 2 4 1 1 
1.345945e+03 
2.720485e+01 
3 1 4 4 3 2 4 2 4 1 3 1 4 4 1 3 4 2 4 3 2 3 3 2 2 4 3 3 2 1 1 1 
1.345945e+03 
2.720485e+01 
1 1 4 2 3 2 4 2 4 1 3 1 4 1 1 3 4 2 4 0 2 3 3 2 2 4 3 3 2 1 1 1 
1.345945e+03 
2.720485e+01 
1 1 4 2 3 2 4 2 4 1 3 1 4 1 1 3 4 2 4 0 2 3 3 2 2 4 3 3 2 1 1 1 
9.875046e+02 
2.689518e+01 
3 1 4 2 3 2 4 2 4 1 3 1 4 1 1 3 4 2 4 0 2 3 3 2 2 4 3 3 2 1 1 1 
1.137588e+03 
2.703667e+01 
1 1 4 2 3 2 4 2 4 1 3 1 4 1 1 3 4 2 4 0 2 3 3 2 2 4 3 3 2 1 1 1 
1.137588e+03 
2.703667e+01 
1 1 4 2 3 2 4 2 4 1 3 1 4 1 1 3 4 2 4 0 2 3 3 2 2 4 3 3 2 1 1 1 
1.137588e+03 
2.703667e+01 
1 1 4 2 3 2 4 2 4 1 3 1 4 1 1 3 4 2 4 0 2 3 3 2 2 4 3 3 2 1 1 1 
1.137588e+03 
2.703667e+01 
1 1 4 2 3 2 4 2 4 1 3 1 4 1 1 3 4 2 1 0 2 3 3 2 2 4 3 2 2 1 1 1 
1.045011e+03 
2.695178e+01 
1 2 4 2 3 3 4 2 4 1 3 1 4 1 1 3 4 2 4 0 2 3 3 2 2 4 3 3 2 1 1 1 
1.137588e+03 
2.703667e+01 
1 2 4 2 3 3 4 2 4 1 3 1 4 1 1 3 4 2 4 0 2 3 3 2 2 4 3 3 2 1 1 1 
9.405842e+02 
2.684650e+01 
1 1 4 2 3 3 4 2 4 1 3 1 4 1 1 3 4 2 4 0 2 3 3 2 2 4 3 3 2 1 1 1 
1.316112e+03 
2.718244e+01 
1 1 4 4 3 3 4 2 4 1 3 1 4 1 1 3 4 2 4 4 2 3 3 1 2 4 3 3 2 1 1 1 
1.213271e+03 
2.710108e+01 
1 1 4 4 3 3 4 2 4 1 3 1 4 1 1 3 4 2 4 4 2 3 0 1 2 4 3 3 2 1 1 1 
1.213271e+03 
2.710108e+01 
1 1 4 4 3 3 4 2 4 1 3 1 4 1 1 3 4 2 4 4 2 3 3 1 2 4 3 3 2 1 1 1 
1.177645e+03 
2.707127e+01 
1 1 4 4 3 3 4 2 4 1 3 1 4 1 1 3 4 2 4 4 2 3 3 1 2 4 3 3 2 1 1 1 
1.177645e+03 
2.707127e+01 
1 1 4 4 3 3 4 2 4 1 3 1 4 1 1 3 4 2 4 4 2 3 3 1 2 4 3 3 2 1 1 1 
1.177645e+03 
2.707127e+01 
1 1 4 4 3 3 4 2 4 1 3 1 4 1 2 3 4 2 4 4 2 3 3 1 2 4 3 3 2 1 1 1 
1.177645e+03 
2.707127e+01 
1 1 4 4 3 3 4 2 4 1 3 1 4 1 1 3 4 2 4 4 2 3 3 1 2 4 3 3 2 1 1 1 
1.177645e+03 
2.707127e+01 
1 1 4 4 3 3 4 2 4 1 3 1 4 1 1 3 4 2 4 4 2 3 3 2 2 4 3 3 2 1 1 1 
1.332762e+03 
2.719501e+01 
