2 1 4 3 3 2 4 0 4 1 3 1 4 1 1 3 4 2 4 1 2 3 3 2 2 4 3 3 2 1 3 4 
4.883462e+02 
2.619102e+01 
2 1 4 3 3 2 4 0 4 1 3 1 4 3 1 3 4 2 4 1 2 3 3 2 2 4 3 3 2 1 3 4 
4.790391e+02 
2.617178e+01 
2 1 4 2 3 2 4 2 4 1 3 1 4 3 1 3 4 2 4 1 2 3 3 2 2 4 3 3 2 1 1 1 
9.126521e+02 
2.681635e+01 
2 1 4 2 3 2 4 2 4 1 3 1 4 3 1 3 4 2 4 1 2 3 3 2 2 4 4 3 2 1 1 1 
1.204568e+03 
2.709388e+01 
2 1 4 2 3 2 4 2 4 1 3 1 4 3 1 3 4 2 4 1 2 3 3 2 2 4 3 3 2 1 1 1 
9.519392e+02 
2.685850e+01 
2 1 4 2 3 2 4 2 4 1 3 3 4 3 1 3 4 2 4 1 2 3 3 2 2 4 3 3 2 1 1 1 
9.126521e+02 
2.681635e+01 
2 1 4 2 3 2 4 2 4 1 3 1 1 1 1 3 4 2 4 1 2 3 3 2 2 4 3 3 2 1 1 1 
9.519392e+02 
2.685850e+01 
2 1 4 2 3 2 4 2 4 1 3 1 1 1 1 3 4 2 4 1 2 3 3 2 2 4 3 3 2 1 1 1 
9.519392e+02 
2.685850e+01 
2 1 4 2 3 2 4 2 4 1 3 1 1 1 1 3 4 2 4 1 2 3 3 2 2 4 3 3 2 1 1 1 
9.312905e+02 
2.683657e+01 
3 1 4 3 3 2 4 2 4 4 3 1 4 1 1 4 4 2 4 1 2 3 3 2 2 4 3 3 2 1 1 1 
9.312905e+02 
2.683657e+01 
3 1 4 3 3 2 4 2 4 1 3 1 4 1 1 3 4 2 4 1 2 3 3 2 2 4 3 3 2 1 1 1 
1.218891e+03 
2.710570e+01 
3 1 4 3 3 2 4 2 4 1 3 1 4 1 1 3 4 2 4 1 2 3 3 2 2 4 3 3 2 1 1 1 
6.366215e+02 
2.645618e+01 
3 1 4 3 3 2 4 2 4 1 3 1 4 1 1 3 4 2 4 1 2 3 3 2 2 4 3 3 0 1 1 1 
1.218891e+03 
2.710570e+01 
0 1 4 3 3 2 4 2 4 1 3 1 4 1 1 3 4 2 4 1 2 3 3 2 2 4 3 3 2 1 1 1 
1.218891e+03 
2.710570e+01 
0 1 4 3 3 2 4 2 4 1 3 1 4 1 1 3 4 2 4 1 2 3 3 2 2 4 3 3 2 1 1 1 
9.771525e+02 
2.688464e+01 
0 1 4 3 3 2 4 2 4 1 3 1 4 1 1 3 4 2 4 1 2 3 3 2 2 4 3 3 2 1 1 1 
1.218891e+03 
2.710570e+01 
0 1 4 3 3 2 4 2 4 1 3 1 4 1 1 3 4 2 4 1 2 3 3 2 2 4 3 3 2 1 1 1 
7.712146e+02 
2.664797e+01 
0 1 4 3 3 2 4 2 4 1 3 1 4 1 1 3 4 2 4 1 2 3 3 2 2 4 3 3 2 1 1 1 
7.712146e+02 
2.664797e+01 
0 1 4 3 4 2 4 2 4 1 3 1 4 1 1 3 4 2 4 1 2 3 3 2 2 4 3 3 2 1 1 1 
1.073153e+03 
2.697836e+01 
0 1 4 3 3 2 4 2 4 1 3 1 4 1 1 3 4 2 4 1 2 3 3 2 2 4 3 3 2 1 1 1 
1.073153e+03 
2.697836e+01 
0 1 4 3 3 2 4 2 4 1 3 1 4 1 1 3 4 2 4 1 2 3 3 2 2 4 3 3 2 1 1 1 
1.073153e+03 
2.697836e+01 
0 1 4 3 3 2 4 2 4 1 3 1 4 1 1 3 4 2 4 1 2 3 3 2 2 4 3 3 2 1 1 1 
1.073153e+03 
2.697836e+01 
0 1 4 3 3 2 4 2 4 1 3 1 4 1 1 3 4 2 4 1 2 3 3 2 2 4 3 3 2 1 1 1 
1.073153e+03 
2.697836e+01 
2 1 4 3 3 2 4 2 4 1 3 1 4 1 1 3 4 2 4 1 2 3 3 2 2 4 3 3 2 1 1 1 
1.267299e+03 
2.714464e+01 
2 1 4 3 3 2 4 2 4 1 3 1 4 1 1 3 4 2 4 1 2 3 3 2 2 4 3 3 2 1 1 1 
1.267299e+03 
2.714464e+01 
2 1 4 3 3 2 4 2 4 1 3 1 4 1 1 3 4 2 4 1 2 3 3 2 2 4 3 3 2 1 1 1 
1.267299e+03 
2.714464e+01 
2 1 4 3 3 2 4 2 4 1 3 1 4 1 1 3 4 2 4 1 2 3 3 2 2 4 3 3 2 1 1 1 
1.267299e+03 
2.714464e+01 
2 1 4 3 3 2 4 2 4 1 3 1 4 1 2 3 4 2 4 1 2 3 3 2 2 4 3 3 2 1 1 1 
1.267299e+03 
2.714464e+01 
2 1 4 3 3 2 4 2 4 1 3 1 4 1 1 3 4 2 4 2 2 3 3 2 2 4 3 3 2 1 1 1 
1.267299e+03 
2.714464e+01 
2 1 4 3 3 2 4 2 4 1 3 1 4 1 1 3 4 2 4 2 2 3 3 2 2 4 3 3 2 1 1 1 
1.267299e+03 
2.714464e+01 
2 1 4 3 3 2 4 2 4 1 3 1 4 1 1 3 4 2 4 2 2 3 3 2 2 4 3 3 2 1 1 1 
1.267299e+03 
2.714464e+01 
2 1 4 3 3 2 4 2 4 1 3 1 4 1 1 3 4 2 4 2 2 3 3 2 2 4 3 3 2 1 1 1 
9.667357e+02 
2.687393e+01 
2 1 4 3 3 2 4 2 4 1 3 1 4 1 1 2 4 2 4 1 2 3 3 2 2 4 3 3 1 1 1 1 
6.794272e+02 
2.652125e+01 
2 1 4 3 3 2 4 2 4 1 3 1 4 1 1 2 4 2 4 1 2 3 3 2 2 4 3 3 3 1 1 1 
1.056259e+03 
2.696249e+01 
2 1 4 3 3 2 4 2 4 1 3 1 3 1 1 2 4 2 4 1 2 3 3 2 2 4 3 3 2 1 1 1 
7.116430e+02 
2.656758e+01 
2 1 4 3 3 2 4 2 4 1 3 2 3 1 1 2 4 2 4 1 2 3 3 2 2 4 3 3 2 1 1 1 
1.267299e+03 
2.714464e+01 
2 1 4 3 3 2 4 2 4 1 3 1 4 1 1 3 4 2 4 1 2 3 3 2 2 4 3 3 2 1 1 1 
1.267299e+03 
2.714464e+01 
2 1 4 3 3 2 4 2 4 1 3 1 4 1 1 3 4 2 4 1 2 3 3 2 2 4 3 3 2 1 1 1 
1.218891e+03 
2.710570e+01 
2 1 4 3 3 2 4 2 4 1 3 1 4 1 1 3 4 2 4 1 2 3 3 2 2 4 3 3 2 1 1 1 
1.267299e+03 
2.714464e+01 
2 1 4 3 3 2 4 2 4 1 3 1 4 1 1 3 4 2 4 1 2 3 3 2 2 4 3 3 2 1 1 1 
4.443506e+02 
2.609661e+01 
2 1 4 3 3 2 4 2 4 1 3 1 4 1 1 3 4 2 4 1 2 3 3 2 2 4 3 3 2 1 1 1 
6.465713e+02 
2.647168e+01 
2 1 3 3 3 2 4 2 4 1 3 1 4 1 1 3 4 2 4 1 2 3 3 2 2 3 3 3 2 1 1 1 
7.635142e+02 
2.663793e+01 
2 1 3 3 3 2 4 2 4 1 3 1 4 1 1 3 4 2 4 1 2 3 3 2 2 4 3 3 2 1 1 1 
7.635142e+02 
2.663793e+01 
2 1 4 3 3 2 3 2 4 1 3 1 4 1 1 3 4 2 4 1 2 3 3 2 2 4 3 3 2 1 1 1 
7.635142e+02 
2.663793e+01 
2 1 4 3 3 2 4 2 4 1 3 1 4 1 1 3 4 2 4 3 2 3 3 2 2 4 3 3 2 1 1 1 
1.267299e+03 
2.714464e+01 
2 1 4 3 3 2 3 2 4 1 3 1 4 1 1 3 4 2 2 1 2 3 3 2 2 4 3 3 2 1 1 1 
1.267299e+03 
2.714464e+01 
2 1 4 3 3 2 4 2 4 1 3 1 4 1 1 3 4 2 4 1 2 3 3 2 2 4 3 3 2 1 1 1 
1.065587e+03 
2.697128e+01 
2 1 4 3 3 2 4 2 4 1 3 3 4 1 1 3 4 2 4 1 2 3 3 2 2 4 3 3 2 1 1 1 
1.267299e+03 
2.714464e+01 
2 1 4 3 3 2 4 2 4 1 3 1 4 1 1 3 4 2 4 1 2 3 3 2 2 4 3 3 2 1 1 1 
8.495832e+02 
2.674475e+01 
2 1 4 3 3 2 4 2 4 1 3 3 4 1 1 3 4 2 4 1 2 3 3 2 2 4 3 3 2 1 1 1 
1.065587e+03 
2.697128e+01 
2 1 4 3 3 2 4 2 4 1 3 1 4 1 1 3 4 2 4 1 2 3 3 2 2 0 3 3 2 1 1 1 
8.495832e+02 
2.674475e+01 
2 1 4 3 3 2 4 2 4 1 3 3 4 1 1 3 4 2 4 1 2 3 3 2 2 4 3 3 2 1 1 1 
8.495832e+02 
2.674475e+01 
2 1 4 3 3 2 4 2 4 1 3 1 4 1 1 3 4 3 4 1 2 3 3 2 2 0 3 3 2 1 1 1 
1.162228e+03 
2.705809e+01 
2 1 4 3 3 2 4 2 4 1 3 1 4 1 1 3 4 2 4 1 2 3 3 2 2 0 3 3 2 1 1 1 
1.363078e+03 
2.721750e+01 
2 1 4 3 3 2 4 2 4 1 3 1 4 1 1 3 4 2 4 1 2 3 3 2 2 0 3 3 2 1 1 1 
1.067749e+03 
2.697331e+01 
1 1 4 3 3 2 4 2 4 1 3 1 4 1 1 3 4 2 4 1 2 3 3 2 2 4 3 3 2 1 1 1 
1.067749e+03 
2.697331e+01 
1 1 4 3 3 2 4 2 4 1 3 1 4 1 1 3 4 2 4 1 3 3 3 2 2 4 3 3 2 1 1 1 
1.363078e+03 
2.721750e+01 
1 1 4 3 3 2 4 2 4 1 3 1 4 1 1 3 4 2 4 1 3 3 3 2 2 4 3 3 2 1 1 1 
6.278801e+02 
2.644235e+01 
1 1 4 3 3 2 4 2 4 1 3 1 4 1 1 3 4 2 4 1 2 3 3 2 2 4 3 0 2 1 1 1 
1.363078e+03 
2.721750e+01 
1 1 4 3 3 2 4 2 4 1 3 1 4 1 1 3 4 2 4 1 2 3 3 2 2 4 3 3 2 1 1 1 
1.363078e+03 
2.721750e+01 
1 1 4 3 3 2 4 2 4 1 3 1 2 1 1 3 4 2 4 2 3 3 3 2 2 4 0 3 2 1 1 1 
1.077306e+03 
2.698222e+01 
1 1 4 1 3 2 4 2 4 1 3 1 4 1 1 3 4 2 4 2 2 3 3 2 2 4 3 3 2 1 1 1 
1.363078e+03 
2.721750e+01 
1 1 4 1 3 2 4 2 4 1 3 1 4 1 1 3 4 2 4 2 2 3 3 2 2 1 0 3 2 1 1 1 
1.077306e+03 
2.698222e+01 
1 1 4 1 3 2 4 2 4 1 3 1 4 1 1 3 4 2 4 2 2 3 4 2 2 4 3 3 2 1 1 1 
7.623698e+02 
2.663643e+01 
1 1 4 1 3 2 4 2 4 1 3 1 4 1 1 3 4 2 4 2 2 3 3 2 2 1 0 3 2 1 1 1 
1.363078e+03 
2.721750e+01 
1 1 4 1 3 2 4 2 4 1 3 1 4 1 1 3 4 2 4 2 2 3 3 2 2 4 3 3 2 1 1 1 
1.363078e+03 
2.721750e+01 
1 1 4 1 3 2 4 2 4 1 3 1 4 1 1 3 4 2 4 2 2 3 3 2 2 4 3 3 2 1 1 1 
1.363078e+03 
2.721750e+01 
1 1 4 1 3 2 4 2 4 1 3 1 4 1 1 3 4 2 4 2 2 3 3 2 2 4 3 3 2 1 1 1 
1.363078e+03 
2.721750e+01 
4 1 4 1 3 2 4 2 4 1 3 1 4 1 1 3 4 2 4 2 2 3 3 2 2 4 3 3 2 1 1 1 
1.077306e+03 
2.698222e+01 
1 1 4 1 3 2 4 2 4 1 3 1 4 1 1 3 4 2 4 2 2 3 3 2 2 4 3 3 2 1 1 1 
1.077306e+03 
2.698222e+01 
1 1 4 1 4 2 4 2 4 1 3 1 4 1 1 3 4 2 4 2 2 3 3 2 2 4 3 3 2 1 1 1 
1.363078e+03 
2.721750e+01 
1 1 4 1 3 2 4 2 4 1 3 1 4 1 1 3 4 2 4 2 2 3 3 2 2 1 0 3 2 1 1 1 
1.363078e+03 
2.721750e+01 
1 1 4 1 3 2 4 2 4 1 3 1 4 1 1 3 4 2 4 2 2 3 3 2 2 1 0 3 2 1 1 1 
3.749319e+02 
2.592674e+01 
1 1 4 1 3 2 4 2 4 1 3 1 4 1 1 3 4 2 4 2 2 3 3 2 2 1 0 3 2 1 1 1 
1.077306e+03 
2.698222e+01 
1 1 4 1 3 2 4 2 4 1 1 1 4 1 1 3 4 2 4 2 2 3 3 2 2 1 0 3 2 1 1 1 
8.600436e+02 
2.675698e+01 
1 1 4 1 3 2 4 2 4 1 3 1 4 1 1 3 4 2 4 2 2 3 3 2 2 1 0 3 2 1 1 1 
8.600436e+02 
2.675698e+01 
1 1 4 1 3 2 4 2 4 1 3 1 4 1 1 3 4 2 4 2 2 3 3 2 2 1 0 3 2 1 1 1 
1.077306e+03 
2.698222e+01 
1 1 4 1 3 2 4 2 4 1 3 1 4 1 1 3 4 2 4 2 2 3 3 2 2 1 0 3 2 1 1 2 
1.077306e+03 
2.698222e+01 
1 1 4 1 3 2 4 2 4 1 3 1 4 1 1 3 4 2 4 2 2 3 3 2 2 1 0 3 2 1 1 1 
7.786933e+02 
2.665762e+01 
1 1 4 1 3 2 4 2 4 1 3 1 4 1 1 3 4 2 4 2 2 3 3 2 2 1 0 3 2 1 1 1 
1.077306e+03 
2.698222e+01 
1 1 4 1 3 2 4 2 4 1 3 1 4 1 1 3 4 2 4 0 2 3 3 2 2 4 3 3 2 1 1 1 
1.077306e+03 
2.698222e+01 
1 1 4 1 3 2 4 2 4 1 3 0 4 1 1 3 4 2 4 0 2 3 3 2 2 4 3 3 2 1 1 1 
1.077306e+03 
2.698222e+01 
1 1 4 1 3 2 4 2 4 1 3 0 4 1 1 3 4 2 4 0 2 3 3 2 2 4 3 3 2 1 1 1 
1.010355e+03 
2.691806e+01 
0 1 0 1 3 2 4 2 4 1 3 1 4 1 1 3 4 2 4 2 2 3 3 2 2 1 0 3 2 1 1 1 
1.345945e+03 
2.720485e+01 
1 1 4 2 3 3 4 2 4 1 3 1 1 1 3 3 4 2 4 2 2 3 3 2 2 4 0 3 2 1 1 1 
1.345945e+03 
2.720485e+01 
1 1 4 2 3 3 4 2 4 4 3 1 1 1 1 3 4 2 4 2 2 3 3 2 2 4 0 3 2 1 1 1 
1.091138e+03 
2.699498e+01 
1 1 4 2 3 3 4 2 2 1 3 1 1 1 1 3 4 2 4 2 2 3 3 2 2 4 0 3 2 1 1 1 
7.628009e+02 
2.663700e+01 
1 1 4 2 3 3 4 2 2 1 3 1 1 1 1 3 4 2 4 2 2 3 3 2 2 4 0 3 2 1 1 1 
7.886996e+02 
2.667039e+01 
1 1 4 2 3 3 4 2 4 1 3 1 4 1 1 3 1 2 4 2 2 3 3 2 2 4 3 3 2 1 1 1 
6.603459e+02 
2.649276e+01 
1 1 4 2 3 3 4 2 4 1 3 1 4 1 1 3 1 2 4 2 2 3 3 2 2 4 3 3 2 1 1 1 
5.625831e+02 
2.633254e+01 
1 1 1 2 3 3 4 2 4 1 3 1 1 1 1 3 4 2 4 2 2 3 3 2 2 4 0 3 2 1 1 1 
1.220855e+03 
2.710731e+01 
1 1 1 2 3 3 4 2 4 1 3 1 4 1 1 3 4 2 3 2 2 3 3 2 2 4 3 3 2 1 1 1 
6.835901e+02 
2.652736e+01 
1 1 4 2 3 2 4 2 4 1 3 1 4 1 1 3 1 2 4 2 2 3 3 2 2 4 3 3 2 1 1 1 
5.026593e+02 
2.621991e+01 
1 1 4 2 3 2 4 2 4 1 3 1 4 1 1 3 1 2 4 2 2 3 3 2 2 4 3 3 2 1 1 1 
1.246307e+03 
2.712794e+01 
0 1 4 2 3 3 4 2 4 1 3 1 4 1 1 3 1 2 4 2 2 3 3 2 2 4 3 3 2 1 1 1 
9.739652e+02 
2.688138e+01 
0 1 4 2 3 4 4 2 4 1 3 1 4 1 1 3 1 2 4 2 2 3 3 2 2 4 3 3 2 1 1 1 
9.739652e+02 
2.688138e+01 
0 1 4 2 3 3 4 2 4 1 3 1 4 1 1 3 4 2 4 2 2 3 3 2 2 4 3 3 2 1 1 1 
9.739652e+02 
2.688138e+01 
1 1 4 2 3 2 4 2 4 1 3 1 4 1 1 3 1 2 4 2 2 3 3 2 2 4 3 3 2 1 1 1 
1.363078e+03 
2.721750e+01 
1 1 4 2 3 2 4 2 4 1 3 1 4 1 1 3 4 2 4 2 2 3 3 2 2 4 3 3 2 1 1 1 
1.363078e+03 
2.721750e+01 
1 1 4 2 2 2 4 2 4 1 3 1 4 1 1 3 4 2 4 2 2 3 3 2 2 4 3 3 2 1 1 1 
1.363078e+03 
2.721750e+01 
