1 2 3 4 3 2 1 2 4 1 3 2 4 1 1 3 1 2 2 3 2 3 1 2 3 1 4 3 2 1 1 1 
8.843660e+02 
2.678487e+01 
1 2 3 4 3 2 1 2 4 1 3 2 4 1 1 3 1 2 2 3 2 3 1 2 3 1 4 3 2 1 1 1 
7.955066e+02 
2.667898e+01 
1 2 3 4 3 2 1 2 1 1 3 2 4 1 1 3 1 2 2 1 2 3 1 2 3 1 4 3 2 1 1 1 
8.843660e+02 
2.678487e+01 
1 2 3 4 3 2 1 2 1 1 3 2 4 1 1 3 1 2 2 1 2 3 1 2 3 1 4 3 2 1 1 1 
8.843660e+02 
2.678487e+01 
1 2 3 4 3 2 1 2 1 1 3 2 4 1 1 3 1 2 2 1 2 3 1 2 3 1 0 2 2 1 1 1 
9.506819e+02 
2.685718e+01 
1 2 3 4 3 2 1 2 1 1 3 2 4 1 1 3 1 2 2 1 2 3 1 2 3 1 4 3 2 1 1 1 
4.878243e+02 
2.618996e+01 
1 2 3 4 3 2 1 2 1 1 3 2 4 1 1 3 1 2 2 1 2 3 1 2 3 1 4 3 2 1 1 1 
9.506819e+02 
2.685718e+01 
1 2 3 4 3 2 1 2 1 1 3 2 4 1 1 3 1 2 2 1 2 3 1 2 3 1 4 3 2 1 1 1 
9.506819e+02 
2.685718e+01 
1 2 3 4 3 2 1 2 1 1 3 2 4 1 1 3 1 2 2 1 2 3 1 2 3 1 4 3 2 1 1 1 
9.506819e+02 
2.685718e+01 
1 2 3 4 3 2 1 2 1 1 3 2 4 1 1 3 1 2 2 1 2 3 1 2 3 1 4 3 2 1 1 1 
9.506819e+02 
2.685718e+01 
1 2 3 4 3 2 1 2 1 1 3 2 4 1 1 3 1 2 2 1 2 3 1 2 3 1 4 3 2 1 1 1 
9.506819e+02 
2.685718e+01 
1 2 3 4 3 2 1 2 1 1 3 2 4 1 1 3 1 2 2 1 2 3 1 2 3 1 4 3 2 1 1 1 
9.506819e+02 
2.685718e+01 
1 2 3 4 3 2 1 2 1 1 3 2 4 1 1 3 1 2 2 1 2 3 1 2 3 1 4 3 2 1 1 1 
9.506819e+02 
2.685718e+01 
1 2 3 1 3 2 1 2 1 1 3 2 4 1 1 3 1 2 2 1 2 3 1 2 3 1 4 3 2 1 1 1 
9.506819e+02 
2.685718e+01 
1 2 3 4 3 2 1 2 1 1 3 2 4 1 1 3 1 2 2 1 2 3 1 2 3 1 4 3 2 1 1 1 
9.506819e+02 
2.685718e+01 
1 2 3 4 3 2 1 2 1 1 3 2 4 1 1 3 1 2 2 1 2 3 0 2 3 1 4 3 2 1 1 1 
9.506819e+02 
2.685718e+01 
1 2 3 4 3 2 1 2 1 1 3 2 4 1 1 3 1 2 2 1 2 3 1 2 3 1 4 3 2 1 1 1 
9.506819e+02 
2.685718e+01 
1 2 3 4 3 2 1 2 1 1 3 2 4 1 1 3 1 2 2 1 2 3 0 2 3 1 4 3 2 1 1 1 
9.506819e+02 
2.685718e+01 
1 2 3 4 3 2 1 2 1 1 3 2 4 1 1 3 1 2 2 1 2 3 1 2 3 1 4 3 2 1 1 1 
9.506819e+02 
2.685718e+01 
1 2 3 4 3 2 1 2 1 1 1 2 4 1 1 3 1 2 2 1 2 3 1 2 3 1 4 3 2 1 1 1 
9.506819e+02 
2.685718e+01 
1 2 3 4 3 2 1 2 1 1 3 2 4 1 1 3 1 2 2 1 2 3 1 2 3 1 4 3 2 1 1 1 
4.858891e+02 
2.618598e+01 
1 2 3 4 3 2 1 2 1 1 3 2 4 1 1 3 1 2 2 1 2 3 1 2 3 1 4 3 2 1 1 1 
9.506819e+02 
2.685718e+01 
1 2 3 4 3 2 1 2 1 1 3 2 4 1 1 3 1 2 2 1 2 3 1 2 3 1 4 3 2 1 1 1 
7.419030e+02 
2.660922e+01 
1 2 3 4 3 2 1 2 1 1 3 2 4 1 1 3 1 2 2 1 2 3 1 2 3 1 4 3 2 1 1 1 
9.506819e+02 
2.685718e+01 
1 2 3 4 3 2 1 2 1 1 3 2 4 1 1 3 1 2 2 3 2 3 1 2 3 1 4 3 2 1 1 1 
9.506819e+02 
2.685718e+01 
1 2 3 4 3 2 1 2 1 1 3 2 4 1 1 3 1 2 2 3 2 3 1 2 3 1 4 3 2 1 1 1 
9.506819e+02 
2.685718e+01 
1 2 3 4 3 2 1 2 1 1 3 2 4 1 1 3 1 2 2 3 2 3 1 2 3 1 0 3 2 1 1 1 
8.188833e+02 
2.670794e+01 
1 2 3 4 3 2 1 2 1 1 3 2 4 1 1 3 1 2 2 3 2 3 1 2 3 1 4 3 2 1 1 1 
9.506819e+02 
2.685718e+01 
1 2 3 4 3 2 1 2 1 1 3 2 4 1 1 3 1 2 2 3 2 3 1 2 3 1 4 3 2 1 1 1 
9.506819e+02 
2.685718e+01 
1 2 3 4 3 2 1 2 1 1 3 2 4 1 1 3 1 2 2 1 2 3 1 2 3 1 4 3 1 1 1 1 
9.506819e+02 
2.685718e+01 
1 2 3 4 3 2 1 2 1 1 3 2 4 1 1 3 1 2 2 3 2 3 1 2 3 1 4 3 2 1 1 1 
9.506819e+02 
2.685718e+01 
1 2 3 4 3 2 1 2 1 1 3 2 4 1 1 3 1 2 2 1 2 3 1 2 3 3 4 3 1 1 1 1 
6.276899e+02 
2.644205e+01 
1 2 3 4 3 2 1 2 1 1 3 2 4 1 1 3 1 2 2 1 2 3 1 2 3 1 4 3 2 1 1 1 
9.506819e+02 
2.685718e+01 
1 2 3 4 3 2 1 0 1 1 3 2 4 1 1 3 1 2 2 3 2 3 1 2 3 1 4 3 2 1 1 1 
7.356723e+02 
2.660078e+01 
1 2 3 4 3 2 1 2 1 1 3 2 4 1 1 3 1 2 2 1 2 3 1 2 3 1 4 3 2 1 1 1 
7.356723e+02 
2.660078e+01 
3 2 3 4 3 2 1 2 1 1 3 2 4 1 1 3 1 2 2 1 2 3 1 2 3 1 4 3 2 1 1 1 
7.478902e+02 
2.661726e+01 
1 2 3 4 3 2 1 2 1 1 3 2 4 1 1 3 1 2 2 1 2 3 1 2 3 1 4 3 2 1 1 1 
4.596015e+02 
2.613036e+01 
1 2 3 4 3 2 1 2 1 1 3 2 4 1 1 3 1 2 2 1 2 3 1 2 3 1 4 3 2 1 1 1 
9.506819e+02 
2.685718e+01 
1 2 3 4 3 2 1 2 1 1 3 2 4 1 1 3 1 2 2 1 2 3 1 2 3 1 4 3 2 1 1 1 
5.412256e+02 
2.629384e+01 
1 2 3 4 3 2 1 2 1 4 3 2 4 1 1 3 1 2 2 1 2 3 1 2 3 1 4 3 2 1 1 1 
9.506819e+02 
2.685718e+01 
1 2 3 4 3 2 1 2 1 1 3 2 4 1 1 3 1 2 2 1 2 3 1 2 3 1 4 3 2 1 1 1 
9.506819e+02 
2.685718e+01 
1 2 3 4 3 2 1 2 1 1 3 2 4 1 1 3 1 2 2 1 2 3 1 2 3 1 4 3 2 1 1 1 
5.790798e+02 
2.636144e+01 
1 2 3 4 3 2 1 2 1 1 3 2 4 1 1 3 1 2 2 1 2 3 1 2 3 1 4 3 2 1 1 1 
4.500688e+02 
2.610940e+01 
1 2 3 4 3 2 1 2 1 1 3 2 4 1 1 3 1 2 2 1 2 3 1 2 3 1 4 3 2 1 1 1 
9.506819e+02 
2.685718e+01 
1 2 3 4 3 2 1 2 1 1 3 2 4 1 1 3 1 2 2 1 2 3 1 2 3 1 4 3 2 1 1 1 
6.571137e+02 
2.648786e+01 
1 2 3 4 3 2 1 2 1 1 3 2 4 1 1 3 1 2 2 1 2 3 1 2 3 1 4 3 2 1 1 1 
6.931984e+02 
2.654132e+01 
1 2 3 4 3 2 1 2 1 1 3 2 4 1 1 3 1 2 2 1 2 3 1 2 3 1 4 3 2 1 1 1 
7.273884e+02 
2.658946e+01 
0 2 3 4 3 2 1 2 1 1 3 2 4 1 1 3 1 2 2 1 2 3 1 2 3 1 4 3 2 1 1 1 
7.273884e+02 
2.658946e+01 
0 2 3 4 3 2 1 2 1 1 3 2 4 1 1 3 1 2 2 1 2 3 1 2 3 1 4 3 2 1 1 1 
4.757373e+02 
2.616487e+01 
0 2 3 4 3 2 1 2 1 1 3 2 4 1 1 3 1 2 2 0 2 3 1 2 3 1 4 3 2 1 1 1 
7.273884e+02 
2.658946e+01 
1 2 3 4 3 2 1 2 1 1 3 2 4 1 1 3 1 2 2 1 2 3 1 2 3 1 4 3 2 1 1 1 
7.273884e+02 
2.658946e+01 
1 2 3 4 3 2 1 2 1 1 3 2 4 1 1 3 1 2 2 1 2 3 1 2 3 1 4 3 2 1 1 1 
8.915072e+02 
2.679291e+01 
1 2 3 4 3 2 1 2 1 1 3 2 4 1 1 3 1 2 2 1 2 3 1 2 3 1 4 3 2 1 1 1 
8.915072e+02 
2.679291e+01 
4 2 3 4 3 2 1 2 1 1 3 2 4 1 1 2 1 2 2 1 2 3 1 2 3 1 4 3 2 1 1 1 
8.915072e+02 
2.679291e+01 
4 2 3 4 3 2 1 2 1 1 3 2 4 1 1 3 1 2 2 1 2 3 1 2 3 1 4 3 2 1 1 1 
4.166851e+02 
2.603233e+01 
1 2 2 4 3 2 1 2 1 1 3 2 4 1 1 2 1 2 2 1 2 3 1 2 3 1 4 3 2 1 1 1 
9.506819e+02 
2.685718e+01 
1 2 2 4 3 2 1 2 1 1 3 2 4 1 1 3 1 2 2 1 2 3 1 2 3 1 4 3 2 1 1 1 
6.769412e+02 
2.651758e+01 
1 2 2 4 3 2 1 2 1 1 3 2 4 1 1 3 1 2 2 1 2 3 1 2 3 1 4 3 2 1 1 1 
6.769412e+02 
2.651758e+01 
1 2 2 4 3 2 1 2 1 1 3 2 4 1 1 3 1 2 2 1 2 3 1 2 3 1 4 3 2 1 1 1 
6.769412e+02 
2.651758e+01 
1 2 2 4 3 2 1 2 1 1 3 2 4 1 1 3 1 2 2 1 2 3 1 2 3 1 4 3 2 1 1 1 
9.506819e+02 
2.685718e+01 
1 2 2 4 3 2 1 2 1 1 3 2 4 2 1 3 1 2 2 1 2 3 1 2 3 1 4 3 2 1 1 1 
9.506819e+02 
2.685718e+01 
1 0 3 4 3 2 1 2 1 1 3 2 4 1 1 3 1 2 2 1 2 3 1 2 3 1 4 3 2 1 1 1 
4.695234e+02 
2.615172e+01 
1 0 3 4 3 2 1 2 1 1 3 2 4 2 1 3 1 2 2 1 2 3 1 2 3 1 4 3 2 1 1 1 
3.708044e+02 
2.591567e+01 
1 0 3 4 3 2 1 2 0 1 3 2 4 2 1 3 1 2 2 1 2 3 1 2 3 1 2 3 2 1 1 1 
7.180788e+02 
2.657658e+01 
1 2 3 4 3 2 1 2 1 1 3 2 4 1 1 3 1 2 2 1 2 3 1 2 3 1 4 3 2 1 1 1 
7.904217e+02 
2.667257e+01 
1 2 3 4 3 2 1 2 1 1 3 2 4 1 1 3 1 2 2 1 2 3 1 2 3 1 2 3 2 1 1 1 
7.418498e+02 
2.660915e+01 
1 2 3 4 3 2 1 2 1 1 3 2 4 1 1 3 1 2 2 1 2 3 1 2 3 1 4 3 2 1 1 1 
5.035182e+02 
2.622162e+01 
1 3 0 4 3 2 1 2 1 1 3 2 4 1 1 3 1 2 2 1 2 3 1 2 3 1 4 3 2 1 1 1 
4.229639e+02 
2.604729e+01 
1 2 3 4 3 3 4 2 1 1 3 2 4 1 1 3 1 2 1 3 2 3 0 2 3 4 4 3 2 1 1 1 
8.345730e+02 
2.672692e+01 
1 2 3 4 3 3 4 2 1 1 3 2 4 1 1 3 1 2 1 3 2 3 0 2 3 4 4 3 4 1 1 1 
8.345730e+02 
2.672692e+01 
1 2 3 4 3 3 4 2 1 1 3 2 4 1 1 3 1 2 1 3 2 3 0 2 3 4 4 3 2 1 1 1 
8.345730e+02 
2.672692e+01 
1 2 3 4 3 3 4 2 1 1 3 2 4 1 1 3 1 2 1 3 2 3 0 2 3 4 4 3 2 1 1 1 
8.345730e+02 
2.672692e+01 
1 2 3 4 3 3 4 2 1 1 3 2 4 1 1 3 1 2 1 3 2 2 0 2 3 4 4 3 2 1 1 1 
8.345730e+02 
2.672692e+01 
1 2 3 4 3 3 4 2 1 1 3 2 4 1 1 3 1 2 1 3 2 3 0 2 3 4 4 3 2 1 1 1 
8.345730e+02 
2.672692e+01 
1 2 3 4 3 3 4 2 1 1 3 2 4 1 1 3 1 2 1 3 2 3 0 2 3 4 4 3 2 1 1 1 
8.345730e+02 
2.672692e+01 
1 2 3 4 3 3 4 2 1 1 3 2 4 1 1 3 1 2 1 3 2 3 0 2 3 4 4 3 2 1 1 1 
8.345730e+02 
2.672692e+01 
1 2 3 4 3 3 4 2 1 1 3 1 4 1 1 3 1 2 1 3 2 3 0 2 3 4 4 3 2 1 1 1 
8.345730e+02 
2.672692e+01 
1 2 3 4 3 3 4 2 1 1 3 2 4 1 1 3 1 2 1 3 2 3 0 2 3 4 4 3 2 1 1 1 
8.345730e+02 
2.672692e+01 
1 2 3 4 3 3 4 2 1 1 3 2 4 1 1 3 1 2 1 3 2 3 0 2 3 4 4 3 2 1 1 1 
8.345730e+02 
2.672692e+01 
1 2 3 4 3 3 4 2 1 1 3 2 4 1 1 3 1 2 1 1 2 3 0 2 3 4 4 3 2 1 1 1 
8.345730e+02 
2.672692e+01 
1 2 3 4 3 3 4 2 1 1 3 2 4 1 1 3 1 2 1 3 2 3 0 2 3 4 4 3 2 1 1 1 
5.196935e+02 
2.625324e+01 
1 2 3 4 3 3 4 2 1 1 3 2 4 1 1 3 1 2 1 3 2 3 0 2 3 4 4 3 2 1 1 1 
9.194378e+02 
2.682376e+01 
1 2 3 4 3 3 4 2 1 1 3 2 4 1 1 3 1 2 1 3 2 3 0 2 3 4 4 3 2 1 1 1 
9.194378e+02 
2.682376e+01 
1 2 3 4 3 3 4 2 1 1 3 2 4 1 1 3 1 2 1 3 2 3 0 2 3 4 4 3 2 1 1 1 
9.194378e+02 
2.682376e+01 
1 2 3 1 3 3 4 2 1 1 3 2 4 1 1 3 1 2 1 3 2 3 0 2 3 4 4 3 2 1 1 1 
5.656676e+02 
2.633801e+01 
1 2 3 4 3 3 4 2 1 1 3 2 4 1 1 3 1 2 1 3 2 3 0 2 3 4 4 3 2 1 1 1 
9.194378e+02 
2.682376e+01 
1 2 3 4 3 3 4 2 1 1 3 2 4 1 1 3 1 2 0 3 2 3 1 2 3 4 4 3 2 1 1 1 
9.194378e+02 
2.682376e+01 
1 2 3 4 3 3 4 2 1 1 3 2 4 1 1 3 1 2 1 3 2 3 1 2 3 4 4 3 2 1 1 1 
9.194378e+02 
2.682376e+01 
1 2 3 4 3 3 4 2 1 1 3 2 4 1 1 3 1 2 1 3 2 3 1 2 3 4 4 2 2 1 1 1 
6.801247e+02 
2.652228e+01 
1 2 3 4 3 3 4 2 1 1 3 2 4 1 1 3 1 2 1 3 2 3 1 2 3 4 4 3 2 1 1 1 
9.194378e+02 
2.682376e+01 
1 2 3 4 3 3 4 2 1 1 3 2 4 1 1 3 1 2 1 3 2 3 1 2 3 4 4 3 2 1 1 1 
6.798008e+02 
2.652180e+01 
1 2 3 4 3 3 4 2 1 1 3 2 4 1 1 3 1 2 1 3 2 3 1 2 3 4 4 2 2 1 1 1 
8.968084e+02 
2.679884e+01 
1 2 3 4 3 3 4 2 1 1 3 2 4 4 1 3 1 2 1 3 2 3 1 2 3 4 4 3 2 1 1 1 
8.968084e+02 
2.679884e+01 
1 2 3 4 3 3 4 2 1 1 3 2 4 1 1 3 1 2 1 3 2 3 1 2 3 4 4 3 2 1 1 1 
8.968084e+02 
2.679884e+01 
1 2 3 1 3 3 4 2 1 1 3 2 4 4 1 3 1 2 1 3 2 3 1 2 3 4 4 3 2 1 1 1 
9.194378e+02 
2.682376e+01 
1 2 3 4 3 3 4 2 1 1 3 2 4 4 1 3 1 2 1 3 2 3 1 2 3 4 4 3 2 1 1 1 
9.194378e+02 
2.682376e+01 
1 2 3 4 3 3 4 2 1 1 3 2 4 4 1 3 1 2 1 3 2 3 1 2 3 4 4 3 2 1 1 1 
9.194378e+02 
2.682376e+01 
1 2 3 4 3 3 4 2 1 1 3 2 4 4 1 3 1 2 1 3 2 3 1 2 3 4 4 3 2 1 1 1 
4.601386e+02 
2.613153e+01 
1 2 3 4 3 3 4 2 1 1 3 2 4 1 1 3 1 2 1 3 2 3 1 2 3 4 4 3 2 1 1 1 
6.064102e+02 
2.640756e+01 
1 2 3 4 3 3 4 2 1 1 3 2 4 1 1 3 2 2 1 3 2 3 1 2 3 4 4 3 2 1 1 1 
8.567255e+02 
2.675312e+01 
