i=1000 
2 4 3 0 2 0 3 1 4 3 2 1 4 3 3 4 1 2 1 0 3 1 3 4 4 3 2 2 0 2 2 2 
1.418262e+02 
2 4 3 0 2 0 3 1 4 3 2 1 4 3 3 4 2 2 1 0 3 1 3 4 4 3 2 2 0 2 2 2 
7.364131e-03 
2 4 3 0 2 0 3 1 4 3 2 1 4 3 3 4 1 2 1 0 3 1 3 4 4 3 2 2 0 2 2 2 
1.418262e+02 
2 4 3 0 2 0 3 1 4 3 2 1 4 3 3 4 1 2 1 0 3 1 3 4 4 3 2 2 0 2 2 2 
1.418262e+02 
2 4 3 0 2 0 3 1 4 3 2 1 4 3 3 4 1 2 1 0 3 1 3 4 4 3 2 2 0 2 2 2 
1.418262e+02 
2 4 3 0 2 0 3 1 4 3 2 1 4 3 3 4 1 2 1 0 3 1 3 4 4 3 2 2 0 2 2 2 
1.418262e+02 
2 4 3 0 2 0 3 1 4 3 2 1 4 3 3 4 1 2 1 0 3 1 3 4 4 3 2 2 0 2 2 2 
8.608474e+01 
2 1 3 0 2 0 3 1 4 3 2 1 4 3 3 4 1 2 1 0 3 1 3 4 4 3 2 2 0 2 2 2 
1.353540e-06 
2 4 3 0 2 0 3 1 4 3 2 1 4 3 3 4 1 2 1 0 3 1 3 4 4 3 3 2 0 2 2 2 
1.418262e+02 
1 4 3 0 2 1 3 1 4 3 2 1 4 3 3 4 1 2 1 0 3 1 3 4 4 3 2 2 0 2 2 2 
1.418262e+02 
2 4 3 0 2 0 3 1 4 3 2 1 4 3 3 4 1 2 1 0 3 1 3 4 4 3 2 2 0 2 2 2 
1.418262e+02 
2 4 3 0 2 0 3 1 4 3 2 1 4 3 3 4 1 2 1 0 3 1 3 4 4 3 2 2 0 2 2 2 
1.418262e+02 
2 4 3 0 2 0 3 1 4 3 2 1 4 3 3 4 1 2 1 0 3 1 3 4 4 3 2 2 0 2 2 2 
1.418262e+02 
2 4 3 0 2 0 3 1 4 3 2 1 4 3 3 4 1 2 1 0 3 1 3 4 4 3 2 2 0 2 2 2 
1.418262e+02 
2 4 3 0 2 0 3 1 4 3 2 1 4 3 3 4 1 0 1 0 3 1 3 4 4 3 2 2 0 2 2 2 
1.418262e+02 
2 4 3 0 2 0 3 1 4 3 2 1 4 3 3 4 1 2 1 0 3 1 3 4 4 3 2 2 0 2 2 2 
1.418262e+02 
2 4 3 0 2 0 3 1 4 3 2 1 4 3 3 4 1 2 1 0 3 1 3 4 4 3 2 2 0 2 2 2 
1.418262e+02 
2 4 3 0 2 0 3 1 4 3 2 1 4 3 3 4 1 2 1 0 3 1 3 4 4 3 2 2 0 2 3 2 
1.777556e-04 
2 4 3 0 2 0 3 1 4 3 2 1 4 3 3 4 1 2 1 0 3 1 3 4 4 3 2 2 0 2 2 2 
1.418262e+02 
2 4 3 0 2 0 3 1 4 3 2 1 4 3 3 4 1 2 1 0 3 1 3 4 4 3 2 2 0 2 2 2 
1.418262e+02 
2 4 3 0 2 0 3 1 4 3 2 1 4 3 3 4 1 2 1 0 3 1 3 4 4 3 2 2 0 2 2 2 
1.418262e+02 
2 4 3 0 2 0 3 1 4 3 2 1 4 3 3 4 1 2 1 0 3 1 3 4 4 3 2 2 0 2 2 2 
1.418262e+02 
2 4 3 0 2 0 3 1 4 3 2 1 4 3 3 4 1 2 1 0 3 1 3 4 4 3 2 2 0 2 2 2 
8.221528e-02 
2 4 3 0 2 0 3 1 4 3 2 1 4 3 3 4 1 2 1 0 3 1 3 4 4 3 2 2 0 2 2 2 
1.418262e+02 
2 4 3 0 2 0 3 1 4 3 2 1 4 3 3 4 1 2 1 0 3 1 3 4 4 3 2 2 0 2 2 2 
2.753953e+01 
2 4 3 0 2 0 3 1 4 3 2 1 4 3 3 4 1 2 1 0 3 1 3 4 4 3 2 2 0 2 2 2 
1.418262e+02 
2 4 3 0 2 0 3 1 4 3 2 1 4 3 3 4 1 2 1 0 3 1 3 4 4 3 2 2 0 2 2 2 
1.418262e+02 
2 4 3 0 2 0 3 1 4 3 2 1 4 3 3 4 1 2 1 0 3 1 3 4 4 3 2 2 0 2 2 2 
1.511282e-02 
2 4 3 0 1 0 3 1 4 3 2 1 4 3 3 4 1 2 1 0 3 1 3 4 4 3 2 2 0 2 2 2 
8.288269e-08 
2 4 3 0 2 0 3 1 4 3 2 1 4 4 3 4 1 2 1 0 3 1 3 4 4 3 2 2 0 2 2 2 
3.196029e+01 
2 4 3 0 2 0 3 1 4 3 2 1 4 3 3 4 1 2 1 0 3 1 3 4 4 3 2 2 0 2 2 2 
9.360933e+01 
2 4 3 0 2 0 3 1 4 3 2 1 4 3 3 4 1 2 1 0 3 1 3 4 4 3 2 2 0 2 2 2 
1.834624e-08 
2 4 3 0 2 0 3 1 4 3 2 1 4 3 3 4 1 2 1 0 3 1 3 4 4 3 2 2 0 2 2 2 
1.418262e+02 
2 4 3 0 2 0 3 1 4 3 2 1 4 3 3 4 1 2 1 0 3 1 3 4 4 3 2 2 0 2 2 2 
1.418262e+02 
2 4 3 0 2 0 3 1 0 3 2 1 4 3 3 4 1 2 1 0 3 1 3 4 4 3 2 2 0 2 2 2 
9.114533e-04 
2 4 3 0 2 0 3 1 4 3 2 1 1 3 3 4 1 2 1 0 3 1 3 4 4 3 2 2 0 2 2 2 
4.503742e+01 
2 4 3 0 2 0 3 1 4 3 2 1 2 3 3 4 1 2 1 0 3 1 3 4 4 3 2 2 0 2 2 2 
4.407368e+00 
2 4 3 0 2 0 3 1 4 3 2 1 4 3 3 4 1 2 1 0 3 1 3 4 4 3 2 0 0 2 2 2 
2.251639e+01 
2 4 3 0 2 0 3 1 4 3 2 1 4 3 3 4 1 2 1 0 3 1 3 4 4 3 2 2 0 2 2 2 
3.098920e+01 
2 4 3 0 2 0 3 1 4 3 2 1 4 3 3 4 1 2 1 0 3 1 3 4 4 3 2 2 0 2 2 2 
3.798792e+01 
2 4 3 0 2 0 3 1 4 3 2 1 4 3 3 4 1 2 1 0 3 1 3 4 4 3 2 2 0 2 2 2 
1.133514e-03 
2 4 3 0 2 0 3 1 4 3 2 1 4 3 3 4 1 2 1 0 3 1 3 4 4 3 2 2 0 2 2 2 
1.418262e+02 
2 4 3 0 2 0 3 1 4 3 2 1 4 3 3 4 1 2 1 0 3 1 3 4 4 3 2 2 0 2 2 2 
1.214122e-02 
0 4 3 0 2 0 3 1 4 3 2 1 4 3 3 4 1 2 1 0 3 1 3 4 4 3 2 2 0 2 2 2 
1.834624e-08 
2 4 3 0 2 0 3 1 4 3 2 1 4 3 3 4 1 2 1 3 3 1 3 4 4 3 2 2 0 2 2 2 
3.098920e+01 
2 4 3 0 2 0 3 1 4 3 2 1 4 3 3 4 1 2 1 3 3 1 3 4 4 3 2 2 0 2 2 2 
9.360933e+01 
2 4 3 0 2 0 3 1 4 3 2 1 4 3 3 4 1 2 1 3 3 1 3 4 4 3 2 2 0 2 2 2 
9.360933e+01 
2 4 3 0 2 0 3 1 4 3 2 1 4 3 3 4 1 2 1 3 3 1 3 4 4 3 2 2 0 2 2 2 
9.360933e+01 
2 4 3 0 2 0 3 1 4 3 2 1 4 3 3 4 1 2 1 3 3 1 3 4 4 3 2 2 0 2 2 2 
9.360933e+01 
2 4 3 0 2 0 3 1 4 3 2 1 4 3 3 4 1 2 1 3 3 1 3 4 4 3 2 2 0 2 2 2 
2.060357e-02 
2 4 3 0 2 0 3 1 4 3 2 1 4 3 3 4 1 2 1 0 3 1 3 4 4 3 2 2 0 2 2 2 
9.360933e+01 
2 4 3 0 2 0 3 1 4 3 2 1 4 3 3 4 1 2 1 0 3 1 3 4 4 3 2 2 0 2 2 2 
1.418262e+02 
2 2 3 0 2 0 3 1 4 3 2 1 4 3 3 4 1 2 1 0 3 1 3 4 4 3 2 2 0 2 2 2 
1.418262e+02 
2 4 3 0 2 0 3 1 4 3 2 1 4 3 3 4 1 2 1 0 3 1 3 4 4 3 2 2 0 2 2 2 
1.418262e+02 
2 4 3 0 2 0 3 1 4 3 2 1 4 3 3 4 1 2 1 0 3 1 3 4 4 3 2 2 0 2 2 2 
1.418262e+02 
2 4 3 0 2 0 3 1 4 3 2 1 4 3 3 4 1 2 1 0 3 1 3 4 4 3 2 2 0 2 2 2 
1.418262e+02 
2 4 3 0 2 0 3 1 4 3 2 1 4 3 3 4 1 2 1 0 3 1 3 4 4 3 2 2 0 2 2 2 
1.418262e+02 
2 4 3 0 2 0 3 1 4 3 2 1 4 3 3 4 1 2 1 0 3 1 3 4 4 3 2 2 0 2 2 2 
1.418262e+02 
2 4 3 0 2 0 3 1 4 3 2 1 4 3 3 4 1 2 1 0 3 1 3 4 4 3 2 2 0 2 2 2 
1.418262e+02 
2 4 3 0 2 0 3 1 4 3 2 1 4 3 3 4 1 2 1 0 3 1 3 4 4 3 2 2 0 2 2 2 
1.418262e+02 
2 4 3 0 2 0 3 1 4 3 2 1 4 3 3 4 1 2 1 0 3 1 3 4 4 3 2 2 0 2 2 2 
2.888818e-07 
2 4 3 0 2 0 3 1 4 3 2 1 4 3 3 4 1 2 1 0 3 1 3 4 4 3 2 2 0 2 2 2 
1.418262e+02 
2 4 3 0 2 0 3 1 4 3 2 1 4 3 3 4 1 2 1 0 3 1 3 4 4 3 1 2 0 2 2 2 
1.418262e+02 
3 4 3 0 2 0 3 1 4 3 2 1 4 3 3 4 1 2 1 0 3 1 3 4 4 3 2 2 0 2 2 2 
1.327160e+01 
2 4 3 0 2 0 3 1 4 3 2 1 4 3 3 4 1 2 1 0 3 1 3 4 4 3 2 2 0 2 2 2 
2.419312e+01 
2 4 3 0 2 0 3 1 4 3 2 1 4 3 3 4 1 2 1 0 3 1 3 4 4 3 2 2 0 2 2 2 
1.418262e+02 
2 4 3 0 2 0 3 1 4 3 2 1 4 3 3 4 1 2 1 0 3 1 3 2 4 3 2 2 0 2 2 2 
1.418262e+02 
2 4 3 0 2 0 3 1 4 3 2 1 4 3 3 4 1 2 1 0 3 1 3 4 4 3 2 2 0 2 2 2 
1.063955e-06 
2 4 3 0 2 0 3 1 4 3 2 1 4 3 3 4 1 2 1 0 3 1 3 4 4 3 2 2 0 2 2 2 
1.418262e+02 
2 4 3 0 2 0 3 1 4 3 2 1 4 3 3 4 1 2 1 0 3 1 3 4 4 3 2 2 0 2 2 2 
2.625817e+01 
2 4 3 0 2 0 3 1 4 3 2 1 4 3 3 4 1 2 1 0 3 1 3 4 4 3 2 2 0 2 2 2 
8.608474e+01 
2 4 3 0 2 0 3 1 4 3 2 1 4 3 3 4 1 2 1 0 3 1 3 4 4 3 2 2 0 2 2 2 
8.608474e+01 
2 4 3 0 2 0 3 1 4 3 2 1 4 3 3 4 1 2 1 0 3 1 3 4 4 3 2 2 0 2 2 2 
8.608474e+01 
2 4 3 0 2 0 3 1 4 3 2 1 4 3 3 4 1 2 1 0 3 1 3 4 4 3 2 2 0 2 2 2 
8.608474e+01 
2 4 3 0 2 1 3 1 4 3 2 1 4 3 3 4 1 2 1 0 3 1 3 4 4 3 2 2 0 2 2 2 
1.418262e+02 
2 4 3 0 2 1 3 1 4 3 2 1 4 3 3 4 1 2 1 0 3 1 3 4 4 3 2 2 0 2 2 2 
1.418262e+02 
2 4 3 0 2 1 3 1 4 3 2 1 4 3 3 4 1 2 1 0 3 1 3 4 4 3 2 2 0 2 2 2 
1.652420e+01 
2 4 3 0 2 1 3 1 4 3 2 1 4 3 3 4 1 2 1 0 3 1 3 4 4 3 2 2 0 2 2 2 
1.418262e+02 
2 4 3 0 2 1 3 1 4 3 2 1 4 3 3 4 1 2 1 0 3 1 3 4 4 3 2 2 0 2 2 2 
1.418262e+02 
2 4 3 0 2 1 3 1 4 3 2 1 4 3 3 4 1 2 1 0 3 1 3 4 4 3 2 2 0 2 2 2 
1.418262e+02 
2 4 3 0 2 1 3 1 4 3 2 1 4 2 3 4 1 2 1 0 3 1 3 4 4 3 2 2 0 2 2 2 
9.114533e-04 
2 4 3 0 2 0 3 1 2 3 2 1 4 3 3 4 1 2 1 0 3 1 3 4 4 3 2 2 0 2 2 2 
1.418262e+02 
2 4 3 0 2 0 3 1 4 3 2 1 4 3 3 4 1 2 1 0 3 1 3 4 4 3 2 2 0 2 2 2 
2.650270e-05 
2 4 3 0 2 0 3 1 4 3 2 1 4 3 3 4 1 2 1 0 3 1 3 4 4 3 2 2 0 2 2 2 
1.359150e-05 
2 4 3 0 2 0 3 1 4 3 2 1 4 3 3 4 1 2 1 0 3 1 3 4 4 3 2 2 0 2 2 2 
8.288269e-08 
2 4 3 0 2 0 3 1 4 3 2 1 4 3 3 4 1 2 1 0 3 1 3 4 4 3 2 2 0 2 2 2 
9.033925e-02 
2 4 3 2 2 0 3 1 4 3 2 1 4 3 3 4 1 2 1 0 3 1 3 4 4 3 2 2 0 2 2 2 
1.418262e+02 
2 4 3 2 2 0 3 1 4 3 2 1 4 3 3 4 1 2 1 0 3 1 3 4 4 3 2 2 0 2 2 2 
9.360933e+01 
2 4 3 0 3 0 3 1 4 3 2 1 4 3 3 4 1 2 1 0 3 1 3 4 4 3 2 2 0 2 2 2 
1.418262e+02 
2 4 3 0 2 0 3 1 4 3 2 1 4 3 3 4 1 2 1 0 3 1 3 4 4 3 2 2 0 2 2 2 
1.418262e+02 
2 4 3 0 2 0 3 1 4 3 2 1 4 3 3 4 1 2 1 0 3 1 3 4 4 3 2 2 0 2 2 2 
1.418262e+02 
2 4 3 0 2 0 3 1 4 3 2 1 4 3 3 4 1 2 1 0 3 1 3 4 4 3 2 2 0 2 2 2 
2.891664e+01 
2 4 3 0 2 3 3 1 4 3 2 1 4 3 3 4 1 2 1 0 3 1 3 4 4 3 2 2 0 2 2 2 
1.418262e+02 
2 4 3 0 2 0 3 1 4 3 2 1 4 3 3 4 1 2 1 0 3 1 3 4 4 3 3 2 0 2 2 2 
1.418262e+02 
2 4 3 0 2 0 3 1 4 3 2 1 4 3 3 4 1 2 1 0 3 1 3 4 4 3 2 2 0 2 2 2 
1.418262e+02 
2 4 3 0 2 0 3 1 4 3 2 1 4 3 3 4 1 2 1 0 3 1 3 4 4 3 2 2 0 2 2 2 
3.495775e-04 
2 4 3 0 3 0 3 1 4 3 2 1 4 3 3 4 1 2 1 0 3 1 3 4 4 3 2 2 0 2 2 2 
1.418262e+02 
2 4 3 0 2 0 3 1 4 3 2 1 4 3 3 4 1 2 2 0 3 1 3 4 4 3 2 2 0 2 2 2 
1.418262e+02 
2 4 3 0 2 0 3 1 4 3 2 1 4 3 3 4 1 2 1 0 3 1 3 4 4 3 2 2 4 2 2 2 
1.418262e+02 
2 4 3 0 2 0 3 1 4 3 2 1 4 3 3 4 1 2 1 0 3 1 3 4 4 3 2 2 0 2 2 2 
1.418262e+02 
