i=46000 
1 4 3 0 2 0 3 1 4 3 2 1 4 3 3 4 1 2 1 0 3 1 3 4 4 4 2 2 0 2 2 2 
2.987163e+03 
1 4 3 0 2 0 3 1 4 3 2 1 4 3 3 4 1 2 1 0 3 1 3 4 4 4 2 2 0 2 2 2 
4.974252e-01 
1 4 3 0 2 0 3 1 4 3 2 1 4 3 3 4 1 2 1 0 3 1 3 4 4 4 2 2 0 2 2 2 
2.987163e+03 
1 4 3 0 2 0 3 1 4 3 2 1 4 3 3 4 1 2 1 0 3 1 3 4 4 4 2 2 0 2 2 2 
2.987163e+03 
1 4 3 0 2 0 3 1 4 3 2 1 4 3 3 4 1 2 1 0 3 1 3 4 4 4 2 2 0 2 2 2 
2.987163e+03 
1 4 3 0 2 0 3 1 4 3 2 1 4 3 3 4 1 2 1 0 3 1 3 4 4 4 2 2 0 2 2 2 
2.987163e+03 
1 4 3 0 2 0 3 1 4 3 2 1 4 3 3 4 1 2 1 0 3 1 3 4 4 4 2 2 0 2 2 2 
2.987163e+03 
1 4 3 0 2 0 3 1 4 3 2 1 4 3 3 4 1 2 1 0 3 1 3 4 4 4 2 2 0 2 2 2 
2.608049e-01 
1 4 3 0 2 0 3 1 4 3 2 1 4 3 3 4 1 2 1 0 3 1 3 4 4 4 2 2 0 2 2 2 
2.987163e+03 
1 3 3 0 2 0 3 1 4 3 2 1 4 3 3 4 1 2 1 0 3 1 3 4 4 4 2 2 0 2 2 2 
2.987163e+03 
1 4 3 0 2 0 3 1 4 3 2 1 4 3 3 4 1 2 1 0 3 1 3 4 4 4 2 2 0 2 2 2 
2.987163e+03 
1 4 3 0 2 0 3 1 4 3 2 1 4 3 3 4 1 2 1 0 0 1 3 4 4 4 2 2 0 2 2 2 
1.940717e-04 
1 4 3 0 2 0 3 1 4 3 2 1 4 3 3 4 1 2 1 0 3 1 3 4 4 4 2 2 0 2 2 2 
2.987163e+03 
1 4 3 0 2 0 3 1 4 3 2 1 4 3 2 4 1 2 1 0 3 1 3 4 4 4 2 2 0 2 2 2 
1.420409e-01 
1 4 3 0 2 0 3 1 4 3 2 1 4 3 3 4 1 2 1 0 3 1 3 4 4 4 2 2 0 2 2 2 
2.987163e+03 
1 4 3 0 2 0 3 1 4 3 2 1 4 3 3 4 1 2 1 0 3 1 3 4 4 4 2 2 0 2 2 2 
2.987163e+03 
1 4 3 0 2 0 3 1 4 3 2 1 4 3 3 4 1 2 1 0 3 1 3 4 4 4 2 2 0 2 2 2 
2.987163e+03 
1 4 3 0 2 0 3 1 4 3 2 1 4 3 3 4 1 2 1 0 3 1 3 4 4 4 2 2 0 2 2 2 
3.624667e+02 
1 4 3 0 2 0 3 1 4 3 2 1 4 3 3 4 1 2 1 0 3 1 3 4 4 4 2 2 0 2 2 2 
2.987163e+03 
1 4 3 0 2 0 3 1 2 3 2 1 4 3 3 4 1 2 1 0 3 1 3 4 4 4 2 2 0 2 2 2 
2.987163e+03 
1 4 3 0 2 0 3 1 4 3 2 1 4 3 3 4 1 2 2 0 3 1 3 4 4 4 2 2 0 2 2 2 
5.274145e+01 
1 4 3 0 2 0 3 1 4 3 2 1 4 3 3 4 1 2 1 0 3 1 3 4 4 4 2 2 0 2 2 2 
2.987163e+03 
1 4 3 0 2 0 3 1 4 3 2 1 4 3 3 4 1 2 1 0 3 1 3 4 4 4 2 2 0 2 2 2 
2.987163e+03 
1 4 3 0 2 0 3 1 4 3 2 1 4 3 3 4 1 2 1 0 3 1 3 4 4 4 2 2 0 2 2 2 
2.987163e+03 
1 4 3 0 2 0 3 1 4 3 2 1 4 3 3 4 1 2 1 0 3 1 3 4 4 4 2 2 0 2 1 2 
4.064191e+01 
1 4 3 0 2 0 3 1 4 3 2 1 4 3 3 4 1 2 1 0 1 1 3 4 4 4 2 2 0 2 2 2 
2.987163e+03 
1 4 3 0 2 0 3 1 4 3 2 1 4 3 3 4 1 2 1 0 3 1 3 4 4 4 2 2 0 2 2 2 
2.987163e+03 
1 4 3 0 2 0 3 1 4 3 2 1 4 3 3 4 1 2 1 0 3 1 3 4 4 4 2 2 0 2 2 2 
2.987163e+03 
1 4 3 0 2 0 3 1 4 3 2 1 4 3 3 4 1 2 1 0 3 1 3 4 4 4 2 2 0 2 2 2 
3.172120e-04 
1 4 3 0 2 0 3 1 4 3 2 1 4 3 3 4 1 2 1 0 3 1 3 4 4 4 2 2 0 2 2 2 
2.987163e+03 
1 4 3 0 2 0 3 1 4 3 2 1 4 3 3 4 1 2 1 0 3 1 3 4 4 4 2 2 0 2 2 2 
5.274145e+01 
1 4 3 0 2 0 3 1 4 3 2 1 4 3 3 4 1 2 1 0 3 1 3 4 4 4 3 2 0 2 2 2 
2.987163e+03 
1 4 3 0 2 0 3 4 4 3 2 1 4 3 3 4 1 2 1 0 3 1 3 4 4 4 2 2 0 2 2 2 
4.918736e-05 
1 4 3 0 2 0 3 1 4 3 2 1 4 3 3 4 1 2 1 0 3 1 3 4 4 4 2 2 0 2 2 2 
2.987163e+03 
1 4 3 0 2 0 3 1 4 3 2 1 4 3 3 4 1 2 1 0 3 1 3 4 4 4 2 2 0 2 2 2 
2.987163e+03 
1 4 2 0 2 0 3 1 4 3 2 1 4 3 3 4 1 2 1 0 3 1 3 4 4 4 2 2 0 2 2 2 
2.987163e+03 
1 4 3 0 2 0 3 1 4 3 2 1 4 3 3 4 1 2 1 0 3 1 3 4 4 4 2 2 0 2 2 2 
2.987163e+03 
1 4 3 0 2 0 3 1 4 3 2 1 4 3 3 4 1 2 1 0 3 1 3 4 4 4 2 0 0 2 2 2 
4.261072e+01 
1 4 3 0 2 0 3 1 4 3 2 1 4 3 3 4 1 2 1 0 3 1 3 4 4 4 2 2 0 2 2 2 
2.987163e+03 
1 4 3 0 2 0 3 1 4 3 2 1 4 3 3 4 1 2 1 0 3 1 3 4 4 4 2 2 0 2 2 2 
2.987163e+03 
1 4 3 0 2 0 3 1 4 3 2 1 4 3 3 4 1 2 2 0 3 1 3 4 4 4 2 2 0 2 2 2 
4.054236e+01 
1 4 3 0 2 0 3 1 4 3 2 1 4 3 3 4 1 2 1 0 3 1 3 4 4 4 2 2 0 2 2 2 
2.987163e+03 
1 4 3 0 2 0 3 1 4 3 2 1 4 3 3 4 1 2 1 0 3 1 3 4 4 4 2 2 0 2 2 2 
2.987163e+03 
1 4 3 0 2 0 3 1 4 3 4 1 4 3 3 4 1 2 1 0 3 1 3 4 4 4 2 2 0 2 2 2 
3.866974e+01 
1 4 0 0 2 0 3 1 4 3 2 1 4 3 3 4 1 2 1 0 3 1 3 4 4 4 2 2 0 2 2 2 
2.987163e+03 
1 4 3 0 2 0 3 1 4 3 2 1 4 3 3 4 1 2 1 0 3 1 3 4 4 4 2 2 0 2 2 2 
2.987163e+03 
1 4 3 0 2 0 1 1 4 3 2 1 4 3 3 4 1 2 1 0 3 1 3 4 4 4 2 2 0 2 2 2 
2.987163e+03 
1 4 3 0 2 0 3 1 4 3 2 1 4 3 3 4 1 2 1 0 3 1 3 4 4 4 2 2 0 2 2 2 
8.843509e+00 
1 4 3 0 2 0 3 1 4 3 2 1 4 3 2 4 1 2 1 0 3 1 3 4 4 4 2 2 0 2 2 2 
2.987163e+03 
1 4 3 0 2 0 3 1 4 3 2 1 4 3 3 4 1 2 1 0 3 1 3 4 4 4 2 2 0 2 2 2 
4.805136e-01 
1 4 3 0 2 0 3 1 4 3 2 1 4 3 3 4 1 2 1 0 3 1 3 4 4 4 2 2 0 2 2 2 
5.252698e-06 
1 4 3 0 2 0 3 1 4 3 2 1 4 3 3 4 1 2 1 0 3 1 3 4 4 4 2 2 0 2 2 2 
2.987163e+03 
1 4 3 0 2 0 3 1 4 3 2 1 4 3 3 4 1 2 1 0 3 1 3 4 4 4 2 2 0 2 2 2 
2.987163e+03 
1 4 3 0 2 0 3 1 4 3 2 1 4 3 3 4 1 2 1 0 3 1 3 4 4 4 2 2 0 2 2 2 
2.987163e+03 
1 4 3 0 2 0 3 1 4 3 2 1 4 3 3 4 1 2 1 0 3 1 3 4 4 4 2 2 0 2 2 2 
3.791547e-07 
1 4 3 0 2 0 3 1 4 3 2 1 4 3 3 4 1 2 1 0 3 1 3 4 4 4 2 2 0 2 2 2 
2.987163e+03 
1 4 3 0 2 0 3 1 4 3 2 1 4 3 3 4 1 2 0 0 3 1 3 4 4 4 2 2 0 2 2 2 
2.987163e+03 
1 4 3 0 2 0 3 1 4 3 2 1 4 3 3 4 1 2 1 0 3 1 3 4 4 4 2 2 0 2 2 2 
7.932981e-04 
1 4 3 0 2 0 3 1 4 3 2 1 4 3 3 4 1 2 1 0 3 1 3 4 4 4 2 2 0 2 2 2 
2.987163e+03 
1 4 3 0 2 0 3 1 4 3 2 1 4 3 3 4 1 2 1 0 3 1 3 4 4 4 2 2 0 2 2 2 
2.987163e+03 
1 4 3 0 2 0 3 1 4 3 2 1 4 3 3 4 1 2 1 0 3 1 3 4 4 4 2 2 0 2 2 2 
3.624667e+02 
1 4 3 0 2 0 3 1 4 3 2 1 4 3 3 4 1 2 1 0 3 1 3 4 4 4 2 2 0 2 2 2 
3.290514e+01 
1 4 3 0 2 0 3 1 4 3 2 1 4 3 3 4 1 2 1 0 3 1 3 4 4 4 2 2 0 2 2 2 
2.987163e+03 
1 4 3 0 2 0 3 1 4 3 2 1 4 3 3 4 1 2 1 0 1 1 3 4 4 4 2 2 0 2 2 2 
2.757752e+01 
1 4 3 0 2 0 3 1 4 3 2 1 4 3 3 4 1 2 1 0 3 1 3 4 4 4 2 2 0 2 2 2 
6.407390e+00 
1 4 3 0 2 0 3 1 4 3 1 1 4 3 3 4 1 2 1 0 3 1 3 4 4 4 2 2 0 2 2 2 
2.987163e+03 
1 4 3 0 2 0 3 1 4 3 2 1 4 3 3 4 1 2 1 0 3 1 3 4 4 4 2 2 0 2 2 2 
2.987163e+03 
1 4 3 0 2 0 3 1 4 3 2 1 4 3 3 4 1 2 1 0 3 1 3 4 4 4 2 2 0 2 2 2 
2.987163e+03 
1 4 3 0 2 0 3 1 4 3 2 1 4 3 3 4 1 2 1 0 3 1 3 4 4 4 2 2 0 2 2 1 
2.987163e+03 
1 4 3 0 2 0 3 1 4 3 2 1 4 3 3 4 1 2 1 0 3 1 3 4 4 4 2 2 0 2 2 2 
2.276294e+01 
1 4 3 0 2 0 3 1 4 3 2 1 4 3 3 4 1 2 1 0 3 1 3 4 4 4 2 2 0 2 2 2 
3.560843e-02 
1 4 3 0 2 0 3 1 4 3 2 1 4 3 3 4 1 2 1 0 3 1 3 4 4 4 2 2 0 2 2 2 
2.987163e+03 
1 4 3 0 2 0 3 1 4 3 2 1 4 3 3 4 1 2 1 0 3 1 3 4 4 4 2 2 0 2 2 2 
2.987163e+03 
1 4 3 0 2 0 3 1 4 3 2 1 4 3 3 4 1 2 1 0 3 1 3 4 4 4 2 0 0 2 2 2 
2.987163e+03 
1 4 3 0 2 0 3 1 4 3 2 1 4 3 3 4 1 2 1 0 3 1 3 4 4 4 2 2 0 2 2 2 
2.987163e+03 
1 4 3 0 2 0 3 1 4 3 2 1 4 3 3 4 1 2 1 0 3 1 3 4 4 4 2 2 0 2 2 2 
2.987163e+03 
1 4 4 4 2 0 3 1 4 3 2 1 4 3 3 4 1 2 1 0 3 1 3 4 4 4 2 2 0 2 2 2 
9.622423e-03 
1 4 3 0 2 0 3 1 4 3 2 1 4 3 3 4 4 2 1 0 3 1 3 4 4 4 2 2 0 2 2 2 
3.624667e+02 
4 4 3 0 2 0 3 1 4 3 2 1 4 3 3 4 1 2 1 0 3 1 3 4 4 4 2 2 0 2 2 2 
2.987163e+03 
1 4 3 0 2 0 3 1 4 3 2 1 4 3 3 4 1 2 1 0 3 1 3 4 4 4 2 2 0 2 2 2 
2.987163e+03 
1 4 3 0 2 0 3 1 4 3 2 1 4 3 3 4 1 2 1 0 3 1 3 4 4 4 2 2 0 2 2 2 
1.953221e+01 
1 4 3 0 2 0 3 1 4 3 2 3 4 3 3 4 1 2 1 0 3 1 3 4 4 4 2 2 0 2 2 2 
7.013505e+00 
1 4 3 0 2 0 3 1 4 3 2 1 4 3 3 4 1 2 1 0 3 1 3 4 1 4 2 2 0 2 2 2 
2.987163e+03 
1 4 4 0 2 0 3 1 4 3 2 1 4 3 3 4 1 2 1 0 3 1 3 4 4 4 2 2 0 2 2 2 
2.987163e+03 
1 4 3 0 2 0 3 1 4 3 2 1 4 3 3 4 1 2 1 0 3 1 3 4 4 4 2 2 0 2 2 2 
3.046151e+01 
1 4 3 0 2 0 3 1 4 3 2 1 4 3 3 4 1 2 1 0 3 1 3 4 4 4 2 2 0 2 2 2 
2.987163e+03 
1 4 3 0 2 0 3 1 4 3 2 1 4 3 3 4 1 2 1 0 3 1 3 4 4 4 2 2 0 2 2 2 
2.987163e+03 
1 4 3 0 2 0 3 1 4 3 2 1 4 3 3 4 1 2 1 0 3 1 3 4 4 4 2 3 0 2 2 2 
2.987163e+03 
1 4 3 0 2 0 3 1 4 3 2 1 4 3 3 4 1 2 1 0 3 1 3 4 4 4 2 2 0 2 2 2 
9.519753e+01 
1 4 3 0 2 0 3 1 4 3 2 1 4 3 3 4 1 2 1 0 3 1 3 4 4 4 2 2 0 2 2 2 
2.987163e+03 
1 4 3 0 2 0 3 1 4 3 2 1 4 3 3 4 1 2 1 0 3 1 3 4 4 4 2 2 0 2 2 2 
2.987163e+03 
1 4 3 0 2 0 3 1 4 3 2 1 4 3 3 4 1 2 1 0 3 1 3 4 4 4 2 2 0 2 2 2 
3.732914e+00 
1 4 3 0 2 0 3 2 4 3 2 1 4 3 3 4 1 2 1 0 3 1 3 4 4 4 2 2 0 2 2 2 
2.987163e+03 
1 4 3 0 2 0 3 1 4 3 2 1 4 3 3 4 1 2 1 0 3 1 3 4 4 4 2 2 0 2 2 2 
2.987163e+03 
1 4 3 0 2 0 3 1 4 3 2 1 4 3 3 4 1 2 1 0 3 1 3 4 4 4 2 2 0 2 2 2 
2.987163e+03 
1 4 3 0 2 0 3 1 0 3 2 1 4 3 3 4 1 2 1 0 3 1 3 4 4 4 2 2 0 2 2 2 
9.364724e-02 
1 4 3 0 2 0 3 1 4 3 2 1 4 3 3 4 1 2 1 0 3 1 3 4 4 4 2 3 0 2 2 2 
4.918736e-05 
1 4 3 0 2 0 3 1 4 3 2 1 4 3 3 4 1 2 1 0 3 1 3 4 4 4 2 2 0 2 2 2 
2.987163e+03 
1 4 3 0 2 0 3 1 4 3 2 1 4 3 3 4 1 2 1 0 3 1 3 4 4 4 2 2 0 2 3 2 
2.987163e+03 
1 4 3 0 2 0 3 1 4 3 2 1 4 3 3 4 1 2 1 0 3 1 3 4 4 4 2 2 0 2 2 2 
2.987163e+03 
