i=48500 
1 4 3 0 2 0 3 1 4 3 2 1 4 3 3 4 1 2 1 0 3 1 3 4 4 4 2 2 0 2 2 2 
2.987163e+03 
1 4 3 0 2 3 3 1 4 3 2 1 4 3 3 4 1 2 1 0 3 1 3 4 4 4 2 2 0 2 2 2 
2.987163e+03 
1 4 3 0 2 0 3 1 4 3 2 1 4 3 3 4 1 2 1 0 3 1 3 4 4 4 2 1 0 2 2 2 
2.987163e+03 
1 4 3 0 2 0 3 1 4 3 2 1 4 3 3 4 1 2 1 0 3 0 3 4 4 4 2 2 0 2 2 2 
2.987163e+03 
1 4 3 0 2 0 3 1 4 3 2 1 4 3 3 4 1 2 1 0 3 1 3 4 4 4 2 2 0 2 2 2 
7.932981e-04 
1 4 3 0 2 0 3 1 4 3 2 1 4 3 3 4 1 2 1 0 3 1 3 4 4 4 2 2 0 2 2 2 
2.987163e+03 
1 4 3 0 2 0 3 1 4 3 2 1 4 3 3 4 1 2 1 0 3 1 3 4 4 4 2 2 0 2 2 2 
2.987163e+03 
1 4 3 0 2 0 3 1 4 3 2 1 4 3 3 4 1 2 1 0 3 1 3 4 4 4 2 2 0 2 2 2 
2.987163e+03 
1 4 3 0 2 0 3 1 4 3 2 1 4 3 3 4 1 2 1 0 3 1 3 4 4 4 2 2 0 2 2 2 
2.987163e+03 
1 4 3 0 2 0 3 1 4 3 2 1 4 3 3 4 1 1 1 0 3 1 3 4 4 4 2 2 0 2 2 2 
3.290514e+01 
1 4 3 0 2 0 3 1 4 3 2 1 4 3 3 4 1 2 1 0 3 1 3 4 4 4 2 2 0 2 2 2 
5.820516e-04 
1 4 3 0 2 0 3 1 4 3 2 1 4 3 3 4 1 2 1 0 3 1 3 4 4 4 2 2 0 2 2 2 
2.987163e+03 
1 4 3 0 2 0 3 1 4 3 2 1 4 3 3 4 1 2 1 0 3 1 3 4 4 1 2 2 0 2 2 2 
2.987163e+03 
1 4 3 0 2 0 3 1 4 3 2 1 4 3 3 4 1 2 1 0 3 1 3 4 4 4 3 2 0 2 2 2 
2.987163e+03 
1 4 3 0 2 0 3 1 4 3 2 2 4 3 3 4 1 2 1 0 3 1 3 4 4 4 2 2 0 2 2 2 
2.987163e+03 
4 4 3 0 2 0 3 1 4 3 2 1 4 3 3 4 1 2 1 0 3 1 3 4 4 4 2 2 0 2 2 2 
2.987163e+03 
1 4 3 0 2 0 3 1 4 3 2 1 4 3 3 4 1 2 1 0 3 1 3 4 4 4 2 2 0 2 2 2 
9.166013e+01 
1 4 3 0 2 0 3 1 4 3 2 1 4 3 3 4 1 2 1 0 3 1 3 4 4 4 2 2 0 2 2 2 
3.624667e+02 
1 4 3 0 2 0 3 1 4 3 2 1 4 3 3 4 1 2 1 0 3 1 3 4 4 4 2 2 0 2 2 2 
8.218704e+00 
1 4 3 0 2 0 3 1 4 3 2 1 4 3 3 4 1 2 1 0 3 1 3 4 4 4 2 2 0 2 2 2 
2.987163e+03 
1 4 3 0 2 0 3 1 4 3 2 1 4 3 3 4 1 2 1 0 3 1 3 4 4 4 2 2 0 2 2 2 
2.987163e+03 
1 4 3 0 2 0 3 1 4 3 2 1 4 3 3 4 1 2 1 0 3 1 3 4 4 4 2 2 0 2 2 2 
6.827476e+00 
1 4 3 0 2 0 3 1 4 3 2 1 4 3 3 4 1 2 1 0 3 1 3 4 4 4 2 2 0 2 2 2 
2.987163e+03 
1 4 3 1 2 0 3 1 4 3 2 1 4 3 3 4 1 2 1 0 3 1 3 4 4 4 2 2 0 2 2 2 
2.987163e+03 
1 4 3 0 2 0 3 1 4 3 2 1 4 3 2 4 1 2 1 0 3 1 3 4 4 4 2 2 0 2 2 2 
2.987163e+03 
1 4 3 0 2 0 3 1 4 3 2 1 4 3 3 4 1 2 1 4 3 1 3 4 4 4 2 2 0 2 2 2 
7.013505e+00 
1 4 3 0 2 0 3 1 4 3 2 1 4 2 3 4 1 2 1 0 3 1 3 4 4 4 2 2 0 2 2 2 
2.987163e+03 
1 4 3 0 2 0 3 1 4 3 2 1 4 3 3 4 1 2 1 0 3 1 3 4 4 4 2 2 0 2 2 2 
4.264046e-02 
1 4 3 0 2 0 3 1 4 3 2 1 4 3 3 4 1 2 1 0 3 1 3 4 4 4 2 2 0 2 2 2 
2.987163e+03 
1 4 3 0 2 0 3 1 4 3 2 1 4 3 3 4 1 2 1 0 3 1 3 4 4 4 2 2 0 2 2 2 
2.987163e+03 
1 4 3 0 2 0 3 1 4 3 2 1 4 3 3 4 1 2 1 0 3 1 3 4 4 4 2 2 0 2 2 2 
2.987163e+03 
1 4 3 0 2 0 3 1 4 3 2 1 4 3 3 4 1 2 1 0 3 1 3 4 4 4 2 2 0 2 2 2 
3.512939e+01 
1 4 3 0 2 0 3 1 4 3 2 1 4 3 3 4 1 2 1 0 3 1 3 4 4 4 2 2 0 2 2 2 
2.987163e+03 
1 4 3 0 2 0 3 1 4 3 2 1 4 3 3 4 1 2 1 0 3 1 3 4 4 4 2 2 0 2 2 2 
1.953221e+01 
1 4 3 0 2 0 3 1 4 3 2 1 4 3 3 4 1 2 1 0 3 1 3 4 4 4 2 2 0 2 2 2 
2.987163e+03 
1 4 3 0 2 0 3 1 4 3 2 1 4 3 3 4 1 2 1 0 3 1 3 4 4 4 2 2 0 2 2 2 
1.293170e+01 
1 4 3 0 2 0 3 1 4 3 2 1 4 3 3 4 1 2 1 0 3 1 3 4 4 4 2 2 0 2 2 2 
2.987163e+03 
1 4 3 0 2 0 3 1 4 3 2 1 4 3 3 4 1 2 1 0 3 1 3 4 4 4 2 2 0 2 2 2 
2.987163e+03 
1 4 3 0 2 0 3 1 4 3 2 1 4 3 3 4 1 2 1 0 3 1 3 4 4 4 2 2 0 2 2 2 
2.250617e+01 
1 4 3 0 2 0 3 1 4 3 2 1 4 3 3 4 1 2 1 0 3 1 3 4 4 4 2 2 0 2 2 2 
2.987163e+03 
1 4 3 0 2 0 3 1 4 3 2 1 4 3 3 4 1 2 1 0 3 1 3 4 4 4 2 2 0 2 2 2 
2.977193e+00 
1 4 3 0 2 0 3 1 4 3 2 1 4 3 3 4 1 2 1 0 3 1 3 4 4 4 2 2 0 2 2 2 
2.987163e+03 
1 4 3 0 2 0 3 1 4 3 2 1 4 3 3 4 1 2 1 0 3 1 3 4 4 4 2 2 0 2 2 2 
8.124289e-01 
1 4 3 0 2 0 3 1 4 3 2 1 4 3 3 4 1 2 1 0 3 1 3 4 4 4 2 2 0 2 2 2 
2.987163e+03 
1 4 3 0 2 0 3 1 4 3 2 1 4 3 3 4 1 2 1 0 3 1 3 4 4 4 2 2 0 2 2 2 
2.987163e+03 
1 4 3 0 2 0 3 1 4 3 2 1 4 3 3 4 1 2 1 0 3 1 3 4 3 4 2 2 0 2 2 2 
3.464608e+00 
1 4 3 0 2 0 3 1 4 3 2 1 4 3 3 4 1 2 1 0 3 1 3 4 4 3 2 2 0 2 2 2 
2.987163e+03 
1 4 3 0 2 0 3 1 4 3 2 1 4 3 3 4 1 2 1 0 3 1 3 4 4 4 2 2 0 2 2 2 
2.987163e+03 
1 4 3 0 2 0 3 1 4 3 2 1 4 3 3 4 1 2 1 0 3 1 3 4 4 4 2 2 0 2 2 2 
2.987163e+03 
1 4 3 0 2 0 3 1 4 3 2 1 4 3 3 4 1 2 1 0 3 1 3 4 4 4 2 2 0 2 2 2 
2.987163e+03 
1 4 3 0 2 0 3 1 4 3 2 1 4 3 3 4 1 2 1 0 3 1 2 4 4 4 2 2 0 2 2 2 
8.218704e+00 
1 4 3 0 2 0 3 1 4 3 2 1 4 3 3 4 0 2 1 0 3 1 3 4 4 4 2 2 0 2 2 2 
1.293170e+01 
1 4 3 0 2 0 3 1 4 3 2 1 4 3 3 4 1 2 1 0 3 1 3 4 4 4 2 2 0 2 2 2 
2.987163e+03 
1 4 3 0 2 0 3 1 4 3 2 1 4 3 3 4 1 2 1 0 3 1 3 4 4 4 2 2 0 2 2 2 
3.683448e+01 
1 4 3 0 2 0 3 1 4 3 2 1 4 3 3 4 1 2 1 0 3 1 3 4 4 4 2 2 0 2 2 2 
2.987163e+03 
1 4 3 0 2 0 3 1 4 3 2 1 4 3 3 4 1 2 1 0 3 1 3 4 4 4 2 2 0 2 2 2 
2.987163e+03 
1 4 3 0 2 0 3 1 4 3 2 1 4 3 3 4 1 2 1 0 3 1 3 4 4 4 2 2 0 2 1 2 
2.987163e+03 
1 4 3 0 2 0 3 1 4 3 2 1 4 3 3 4 1 2 1 0 3 1 3 4 4 4 2 2 0 2 2 2 
2.987163e+03 
1 4 3 0 2 2 3 1 4 3 2 1 4 3 3 4 1 2 1 0 3 1 3 4 4 4 2 2 0 2 2 2 
2.987163e+03 
1 4 3 0 2 0 3 1 4 3 2 1 4 3 3 4 1 2 1 0 3 1 3 4 4 4 2 2 0 2 2 2 
2.987163e+03 
1 4 3 0 4 0 3 1 4 3 2 1 4 3 3 4 1 2 1 0 3 1 3 4 4 4 2 2 0 2 2 2 
4.264046e-02 
1 4 1 0 2 0 3 1 4 3 2 1 4 3 3 4 1 2 1 0 3 1 3 4 4 4 2 2 0 2 2 2 
5.050752e+01 
1 4 3 0 2 0 3 1 4 3 2 1 4 3 3 4 1 2 1 0 3 1 3 4 4 4 2 2 0 2 2 2 
2.987163e+03 
1 4 3 0 2 0 3 1 4 3 2 1 4 3 3 4 1 2 1 0 3 1 3 4 4 4 2 2 0 2 2 2 
2.987163e+03 
1 4 3 0 2 0 3 1 4 3 2 1 4 3 3 4 1 2 1 0 3 1 3 4 4 4 2 2 0 2 2 2 
2.987163e+03 
1 4 3 0 2 0 3 1 4 3 2 1 4 3 3 4 1 2 1 0 3 1 3 4 4 4 2 2 0 2 2 2 
2.987163e+03 
1 4 3 0 2 0 3 1 4 3 2 1 4 3 3 4 1 2 1 0 3 1 2 4 4 4 2 2 0 2 2 2 
2.136600e-04 
1 4 3 0 2 0 3 1 4 3 2 1 4 3 3 4 1 2 1 0 3 1 3 4 4 4 2 2 0 2 2 2 
2.987163e+03 
1 4 3 0 2 0 3 1 4 3 2 1 4 3 3 4 1 2 1 0 3 1 3 4 4 4 2 2 0 2 2 2 
3.532762e-01 
1 4 3 0 2 0 3 1 4 3 2 1 4 3 3 4 1 2 1 0 3 1 3 4 4 4 2 2 0 2 2 2 
2.987163e+03 
1 4 3 0 2 0 3 1 4 3 2 1 4 3 3 4 1 2 1 0 3 1 3 4 4 4 2 2 0 2 2 2 
2.757752e+01 
1 3 3 0 2 0 3 1 4 3 2 1 4 3 3 4 1 2 1 0 3 1 3 4 4 4 2 2 0 2 2 2 
3.624667e+02 
1 4 3 0 2 0 3 1 4 3 2 1 4 3 3 4 1 2 1 0 3 1 3 4 4 4 2 2 0 2 2 2 
2.987163e+03 
1 4 3 0 2 0 3 1 4 3 2 1 4 3 3 4 2 2 1 0 3 1 3 4 4 4 2 2 0 2 2 2 
3.046151e+01 
1 4 3 0 2 4 3 1 4 3 2 1 4 3 3 4 1 2 1 0 3 1 3 4 4 4 2 2 0 2 2 2 
2.987163e+03 
1 4 3 0 2 0 3 1 4 3 2 1 4 3 3 4 1 2 1 0 3 1 3 4 4 4 2 2 0 2 2 2 
2.608049e-01 
1 4 3 0 2 0 3 1 4 3 2 1 4 3 3 4 1 2 1 0 3 1 3 4 4 4 2 2 0 2 2 2 
4.319679e-02 
1 4 3 0 2 0 3 1 4 3 2 1 4 3 3 4 1 2 1 0 3 1 3 4 2 4 2 2 0 2 2 2 
2.987163e+03 
1 4 3 0 2 0 3 1 4 3 2 1 4 3 3 4 1 2 1 0 3 1 3 4 4 4 2 2 0 2 2 2 
2.987163e+03 
1 4 3 0 2 0 3 1 4 3 2 1 4 3 3 4 1 2 1 0 3 1 3 4 4 4 2 2 0 2 2 2 
2.987163e+03 
1 4 3 2 2 0 3 1 4 3 2 1 4 3 3 4 1 2 1 0 3 1 3 4 4 4 2 2 0 2 2 2 
2.987163e+03 
1 4 3 0 2 0 3 1 4 3 2 1 4 3 3 4 1 2 1 0 3 1 3 4 4 4 2 2 0 2 2 2 
2.987163e+03 
1 4 3 0 2 0 3 1 4 3 2 1 4 3 3 4 1 2 1 0 3 1 3 4 4 4 2 2 0 2 2 2 
2.977193e+00 
1 4 3 0 2 0 3 1 4 3 2 1 4 3 3 4 1 2 1 0 3 1 3 4 4 4 2 2 0 2 2 2 
3.811993e+00 
1 4 3 0 2 0 3 1 4 3 2 1 4 3 3 2 1 2 1 0 3 1 3 4 4 4 2 2 0 2 2 2 
3.581134e-01 
1 4 3 0 2 0 3 1 4 3 2 1 4 3 3 4 1 2 1 0 3 1 3 4 4 4 2 2 0 2 2 2 
2.987163e+03 
1 4 3 0 2 0 3 1 4 3 2 1 4 3 3 4 1 2 1 0 3 1 3 4 4 4 2 2 0 2 2 2 
2.987163e+03 
1 4 3 0 2 0 3 1 4 3 2 1 4 3 3 4 1 2 1 0 3 1 3 4 4 4 2 2 0 2 2 2 
3.512939e+01 
1 4 3 0 2 0 3 1 4 3 2 1 4 3 3 4 1 2 1 0 3 1 3 4 4 4 2 2 0 2 2 2 
2.987163e+03 
1 4 3 0 2 0 3 1 4 3 2 1 4 3 3 4 1 2 1 0 3 1 3 4 4 4 2 2 0 2 2 2 
3.172120e-04 
1 4 3 3 2 0 3 1 4 3 2 1 4 3 3 4 1 2 1 0 3 1 3 4 4 4 2 2 0 2 2 2 
3.412094e-03 
1 4 3 0 2 0 3 1 4 3 2 1 4 3 3 4 1 2 1 0 3 1 3 4 4 4 2 2 0 2 2 2 
2.987163e+03 
1 4 3 0 2 0 3 1 4 3 2 1 4 3 3 4 1 2 1 0 3 1 3 4 4 4 2 2 0 2 2 2 
2.987163e+03 
1 4 3 0 2 0 3 1 4 3 2 1 4 3 3 4 1 2 1 0 3 1 3 4 4 4 2 2 0 2 2 1 
2.987163e+03 
1 4 3 0 2 0 3 1 4 3 2 1 4 3 3 4 1 2 1 0 3 1 3 4 4 4 2 2 0 2 2 2 
2.987163e+03 
1 4 3 0 2 0 3 1 4 3 2 1 4 3 3 4 1 2 1 0 3 1 3 4 4 4 2 2 0 2 2 2 
2.987163e+03 
1 4 3 0 2 0 3 1 4 3 2 1 4 3 3 4 1 2 1 0 3 1 3 4 4 4 2 2 0 2 2 2 
2.987163e+03 
1 4 3 0 2 0 3 1 4 3 2 1 4 3 3 4 1 2 1 0 3 1 3 4 4 4 2 2 0 2 2 2 
2.987163e+03 
1 4 3 0 2 0 3 1 4 3 2 1 4 3 3 4 1 2 1 0 3 1 3 4 4 4 2 2 0 2 2 2 
6.305501e-06 
1 4 3 0 2 0 3 1 4 3 2 1 4 3 3 4 1 2 1 0 3 1 3 4 4 4 2 2 0 2 2 2 
2.987163e+03 
