i=30000 
1 4 3 0 2 0 3 1 4 3 2 1 4 3 3 4 1 2 1 0 3 1 3 4 4 4 2 2 1 2 2 2 
2.987163e+03 
1 4 3 0 2 0 3 1 4 3 2 1 4 3 3 4 1 2 1 0 3 1 3 4 4 4 2 2 0 2 2 2 
2.987163e+03 
1 4 3 0 2 0 3 1 4 3 2 1 4 3 3 4 1 2 1 0 3 1 3 4 4 4 2 2 0 2 2 2 
3.560843e-02 
1 4 3 0 2 0 3 1 4 3 2 1 4 3 3 4 1 2 1 0 3 1 3 4 4 4 2 2 0 2 2 2 
2.987163e+03 
1 4 3 0 2 0 3 1 4 3 2 1 4 3 3 4 1 2 1 0 3 1 3 4 4 4 2 2 0 2 2 2 
2.987163e+03 
1 4 3 0 2 0 3 1 4 3 2 1 4 3 3 4 1 2 1 0 3 1 3 4 4 4 2 2 0 2 2 2 
2.987163e+03 
1 4 3 0 2 0 3 1 4 3 2 1 4 3 3 4 1 2 1 0 3 1 3 4 4 4 2 2 0 2 2 2 
2.987163e+03 
1 4 3 0 2 0 3 1 4 3 2 1 4 3 3 4 1 2 1 0 3 1 3 4 4 1 2 2 0 2 2 2 
2.987163e+03 
1 4 3 0 2 0 3 1 4 3 2 1 4 3 3 4 1 2 1 0 3 1 3 4 4 4 2 2 0 2 2 2 
2.987163e+03 
1 4 3 0 2 0 3 1 4 3 2 1 4 3 3 4 1 2 1 0 3 1 3 4 4 4 2 2 0 2 2 2 
1.293170e+01 
1 4 3 0 2 0 3 1 4 3 2 1 4 3 3 4 1 2 1 0 3 1 3 4 4 4 2 2 0 2 2 2 
2.987163e+03 
1 4 3 0 2 0 3 1 4 3 2 1 4 3 3 4 1 2 1 0 3 1 3 4 4 4 2 2 0 2 2 2 
2.987163e+03 
1 4 3 0 2 0 3 1 4 3 2 1 4 3 3 4 1 2 1 0 3 1 3 4 4 4 2 2 0 2 2 2 
1.878452e-06 
1 4 3 0 2 0 3 1 4 3 2 1 4 3 3 4 1 2 1 0 3 1 3 4 4 4 2 2 0 2 2 2 
2.987163e+03 
1 4 3 0 2 0 3 1 4 3 2 1 4 3 3 4 1 2 1 0 3 1 3 4 4 4 2 2 0 2 2 2 
5.536256e+01 
1 4 3 0 2 0 3 1 4 3 2 1 4 3 3 4 1 2 1 0 3 1 3 4 4 4 2 2 0 2 2 2 
2.987163e+03 
1 4 3 0 2 0 3 1 4 3 2 1 4 3 3 4 1 2 1 0 3 1 3 4 4 4 2 2 0 2 2 2 
2.987163e+03 
1 4 3 0 2 0 3 1 4 3 2 1 4 3 3 4 1 2 1 0 3 1 3 4 4 4 2 2 0 2 2 2 
2.987163e+03 
1 4 3 0 2 0 3 1 4 3 2 1 4 3 3 4 1 2 1 0 3 1 3 4 4 4 2 2 0 2 2 2 
6.827476e+00 
1 4 3 0 2 0 3 1 4 3 2 1 4 3 3 4 1 2 1 0 3 1 3 4 2 4 2 2 0 2 2 2 
2.987163e+03 
1 4 3 0 2 0 3 1 4 3 2 1 4 3 3 4 1 2 1 0 3 1 3 4 4 4 2 2 0 2 2 2 
2.987163e+03 
1 4 3 0 2 0 3 1 4 3 2 1 4 3 3 4 1 2 1 0 3 1 3 4 4 4 2 2 0 2 2 2 
2.250617e+01 
1 4 3 0 2 0 3 1 4 3 2 1 4 3 3 4 1 2 1 0 3 1 3 4 4 4 2 2 1 2 2 2 
2.987163e+03 
1 4 3 0 2 0 3 1 4 3 2 1 4 3 3 4 1 2 1 0 3 1 3 4 4 4 2 2 0 2 2 2 
2.987163e+03 
1 4 3 0 2 0 3 1 4 3 2 1 4 3 3 4 1 2 1 0 3 1 3 4 4 4 2 2 0 2 2 2 
2.987163e+03 
1 4 3 0 2 0 3 2 4 3 2 1 4 3 3 4 1 2 1 0 3 1 3 4 4 4 2 2 0 2 2 2 
2.987163e+03 
1 4 3 0 2 0 3 1 4 3 2 1 4 3 3 4 1 2 1 0 3 1 3 4 4 4 2 2 0 2 3 2 
2.289659e+01 
1 4 3 0 2 0 3 1 4 3 2 1 4 3 3 4 1 2 1 0 3 1 3 4 4 4 2 2 0 2 2 2 
2.987163e+03 
1 4 3 0 2 0 3 1 4 3 2 1 4 3 3 4 1 2 1 0 3 1 3 4 4 4 2 2 0 2 2 2 
9.166013e+01 
1 4 3 0 2 0 3 1 4 3 2 1 4 3 3 4 1 2 1 0 3 1 3 4 4 4 2 2 0 2 2 2 
2.987163e+03 
1 4 3 0 2 0 3 1 4 3 2 1 4 3 3 4 1 2 1 0 3 1 3 4 4 4 2 2 0 2 2 2 
2.987163e+03 
1 4 3 0 2 0 3 1 4 3 2 1 4 3 3 4 1 2 1 0 3 1 3 4 4 4 2 2 0 2 2 2 
2.987163e+03 
1 4 3 0 2 0 3 1 4 3 2 1 4 3 3 4 1 2 1 0 3 1 3 4 4 4 2 2 0 2 2 2 
2.987163e+03 
1 4 2 0 2 0 3 1 4 3 2 1 4 3 3 4 1 2 1 0 3 1 3 4 4 4 2 2 0 2 2 2 
2.987163e+03 
1 4 3 0 2 0 3 1 4 3 2 1 4 3 3 4 1 2 1 0 3 1 3 4 4 4 2 2 0 2 2 2 
2.987163e+03 
1 4 3 0 2 0 3 1 4 3 2 1 4 3 0 4 1 2 1 0 3 1 3 4 4 4 2 2 0 2 2 2 
2.987163e+03 
1 4 3 0 2 0 3 1 4 3 2 1 4 3 3 4 1 2 1 0 3 1 3 4 4 4 2 2 0 2 2 2 
5.174614e-02 
1 4 3 0 2 0 3 1 4 3 2 1 4 3 3 4 1 2 1 0 3 1 3 4 4 4 2 2 0 2 2 2 
3.791547e-07 
1 4 3 0 2 0 3 1 4 3 2 1 4 3 3 4 1 2 1 0 3 1 3 4 4 4 2 2 0 2 2 2 
2.987163e+03 
1 4 3 0 2 0 3 1 4 3 2 1 4 3 3 4 1 2 1 0 3 1 3 4 4 4 2 2 0 2 2 2 
4.438074e-07 
1 4 3 0 2 0 3 1 4 3 2 1 4 3 3 4 1 2 1 0 3 1 3 4 4 4 2 2 0 2 2 2 
2.987163e+03 
1 4 3 0 2 0 3 1 4 3 2 1 4 3 3 4 1 2 1 0 3 1 3 4 4 4 2 2 0 2 2 2 
2.987163e+03 
1 4 3 0 2 0 3 1 4 3 2 1 4 3 3 4 1 2 1 0 3 1 3 4 4 4 2 2 0 2 2 2 
2.987163e+03 
1 4 3 0 2 0 3 1 4 3 2 1 4 3 3 4 1 2 1 0 3 1 3 4 4 4 2 2 0 2 2 2 
2.987163e+03 
1 4 3 0 2 0 3 1 4 3 2 1 4 3 3 4 1 2 1 0 3 1 3 4 4 4 2 2 0 2 2 2 
2.987163e+03 
1 4 3 0 2 0 3 1 4 3 2 1 4 3 3 4 1 2 1 0 3 1 3 1 4 4 2 2 0 2 2 2 
2.987163e+03 
1 4 3 0 2 0 3 1 4 3 2 1 4 3 3 4 1 2 1 0 3 1 3 4 4 4 2 2 0 2 2 2 
2.987163e+03 
1 4 3 0 2 0 3 1 4 3 2 1 4 3 3 4 1 2 1 0 3 1 3 4 4 4 2 2 0 2 2 2 
2.987163e+03 
1 4 3 0 2 0 3 1 4 3 2 1 4 3 3 4 1 2 1 0 3 1 3 4 4 4 2 2 0 2 2 2 
3.302347e+01 
1 4 3 0 2 0 3 1 4 3 2 1 4 3 3 4 3 2 1 0 3 1 3 4 4 4 2 2 0 2 2 2 
3.075809e+01 
1 4 3 0 2 0 2 1 4 3 2 1 4 3 3 4 1 2 1 0 3 1 3 4 4 4 2 2 0 2 2 2 
3.494983e+01 
1 4 3 0 2 0 1 1 4 3 2 1 4 3 3 4 1 2 1 0 3 1 3 4 4 4 2 2 0 2 2 2 
2.987163e+03 
1 4 3 0 2 0 3 1 4 3 2 1 4 3 3 4 1 2 1 0 3 1 3 4 4 4 2 2 0 2 2 2 
3.532762e-01 
1 4 3 0 2 0 3 1 4 3 2 1 4 3 3 4 1 2 1 0 3 3 3 4 4 4 2 2 0 2 2 2 
2.987163e+03 
1 4 3 0 2 0 3 1 4 3 2 1 4 3 3 4 1 2 1 0 3 1 3 0 4 4 2 2 0 2 2 2 
2.987163e+03 
1 4 3 0 2 0 3 1 4 3 2 4 4 3 3 4 1 2 1 0 3 1 3 4 4 4 2 2 0 2 2 2 
6.601373e-03 
1 4 3 0 2 0 3 1 4 3 2 1 4 3 3 4 1 2 1 0 3 1 3 1 4 4 2 2 0 2 2 2 
2.987163e+03 
1 4 3 0 2 0 3 1 4 3 2 1 4 3 3 4 1 2 1 0 2 1 3 4 4 4 2 2 0 2 2 2 
2.987163e+03 
1 4 3 0 2 0 3 1 4 3 2 1 4 3 3 4 1 2 1 0 3 1 3 4 4 4 2 2 0 2 2 2 
2.987163e+03 
1 4 3 0 2 0 3 1 4 3 2 1 4 3 3 4 1 2 1 0 3 1 3 4 4 4 2 2 0 2 2 2 
2.987163e+03 
1 4 3 0 2 1 3 1 4 3 2 1 4 3 3 4 1 2 1 0 3 1 3 4 4 4 2 2 0 2 2 2 
2.987163e+03 
1 4 3 0 2 0 3 1 4 3 2 1 4 3 3 4 1 2 1 0 3 1 3 4 4 4 2 2 0 2 2 2 
2.987163e+03 
1 4 3 0 2 0 3 1 4 3 2 1 4 3 3 4 1 2 1 0 3 1 3 4 4 4 2 2 0 2 2 2 
2.987163e+03 
1 4 3 0 2 0 3 1 4 3 2 1 4 3 3 4 1 2 1 0 3 1 3 4 4 4 2 2 0 2 2 2 
4.805136e-01 
1 4 3 0 2 0 3 1 4 3 2 1 4 3 3 4 1 2 1 0 3 1 3 4 4 4 2 2 0 2 2 2 
4.264046e-02 
1 4 3 0 2 0 3 1 4 3 2 1 4 3 3 4 1 2 1 0 3 1 3 4 4 4 2 2 0 2 2 2 
2.987163e+03 
1 4 3 0 2 0 3 1 4 3 2 1 4 3 3 4 1 2 1 0 3 1 3 4 4 4 2 2 0 2 2 2 
6.890400e-03 
1 4 3 0 2 0 3 1 4 3 2 1 4 3 3 4 1 2 1 0 3 1 3 4 4 4 2 2 0 2 2 2 
3.624667e+02 
1 4 3 0 2 0 3 1 4 3 2 1 4 3 3 4 1 2 1 0 3 1 3 4 4 4 2 2 0 2 2 2 
2.987163e+03 
1 4 3 0 2 0 3 1 4 3 2 1 4 3 1 4 1 2 1 0 3 1 3 4 4 4 2 2 0 2 2 2 
6.407390e+00 
1 4 3 0 2 0 3 1 4 3 2 1 4 3 3 4 1 2 1 0 3 1 3 4 4 4 2 2 0 2 2 2 
2.987163e+03 
1 4 3 0 2 0 3 1 4 3 2 1 4 3 3 4 1 2 1 0 3 1 3 4 4 4 2 2 0 2 2 2 
3.290514e+01 
1 4 3 0 2 0 3 1 4 3 2 1 4 3 3 4 1 2 1 0 3 1 3 4 4 4 2 2 0 2 2 2 
3.624667e+02 
1 4 3 0 2 0 3 1 4 3 2 1 4 3 3 4 1 2 1 0 3 1 3 4 4 4 2 2 0 2 2 2 
2.708199e+01 
1 4 3 0 2 0 3 1 4 3 2 1 4 3 3 4 1 2 1 0 3 1 3 4 4 4 2 2 0 2 2 2 
2.987163e+03 
1 3 3 0 2 0 3 1 4 3 2 1 4 3 3 4 1 2 1 0 3 1 3 4 4 4 2 2 0 2 2 2 
5.079573e+00 
1 4 3 0 2 0 3 1 4 3 2 1 4 3 3 4 1 2 1 0 3 1 0 4 4 4 2 2 0 2 2 2 
2.987163e+03 
1 4 3 0 2 0 3 1 4 3 2 1 4 3 3 4 1 2 1 0 3 1 3 4 4 4 2 2 0 2 2 2 
2.987163e+03 
1 4 3 0 2 0 3 1 4 3 2 1 4 3 3 4 1 2 1 0 3 1 3 4 4 4 2 2 0 2 2 2 
1.707663e+01 
1 4 3 0 2 0 4 1 4 3 2 1 4 3 3 4 1 2 1 0 3 1 3 4 4 4 2 2 0 2 2 2 
2.987163e+03 
1 4 3 0 2 0 3 1 4 3 2 1 4 3 3 4 1 2 1 0 3 1 3 4 4 4 2 2 0 2 2 2 
2.987163e+03 
1 4 3 0 2 0 3 1 4 3 2 1 4 3 3 4 1 2 1 0 3 1 3 4 4 4 2 2 0 2 2 2 
2.987163e+03 
1 4 3 0 2 0 3 1 4 3 2 1 4 3 3 4 1 2 1 0 3 1 3 4 4 4 2 2 0 2 2 2 
2.987163e+03 
1 4 3 0 2 0 3 1 4 3 2 1 4 3 3 4 1 2 1 0 3 1 3 4 4 4 2 1 0 2 2 2 
2.987163e+03 
3 4 3 0 2 0 3 1 4 3 2 1 4 3 3 4 1 2 1 0 3 1 3 4 4 4 2 2 0 2 2 2 
3.624667e+02 
1 4 3 0 2 0 3 1 4 3 2 1 4 3 3 4 1 2 1 0 3 1 3 4 4 4 2 2 0 2 2 2 
2.987163e+03 
1 4 3 0 2 0 3 1 4 3 2 1 4 3 3 4 1 2 1 0 3 1 3 4 4 4 2 2 0 2 2 2 
2.987163e+03 
1 4 3 0 2 0 3 1 4 3 2 1 4 3 3 4 1 2 1 0 3 1 3 4 4 4 2 2 0 2 0 2 
2.987163e+03 
1 4 3 0 2 0 3 1 4 3 2 1 4 3 3 4 1 2 1 0 3 1 3 4 4 4 2 2 0 2 2 2 
2.987163e+03 
1 4 3 0 2 0 3 1 4 3 2 1 4 3 3 4 1 2 1 0 3 1 3 4 4 4 2 2 0 2 2 2 
9.173398e-02 
1 4 3 0 2 0 3 1 4 3 2 1 4 3 3 4 1 3 1 0 3 1 3 4 4 4 2 2 0 2 2 2 
2.987163e+03 
1 4 3 0 2 0 3 1 4 3 2 2 4 3 3 4 1 2 1 0 3 1 3 4 4 4 2 2 0 2 2 2 
2.708199e+01 
1 4 3 0 2 0 3 1 4 3 2 1 4 3 3 4 1 2 1 1 3 1 3 4 4 4 2 2 0 2 2 2 
3.412094e-03 
1 4 3 0 2 0 3 1 4 3 2 1 4 3 3 4 1 2 1 0 3 1 3 4 4 4 2 2 0 2 2 2 
4.438074e-07 
1 4 3 0 2 0 3 1 4 3 2 1 4 3 3 4 1 2 1 0 3 1 3 4 4 4 2 2 0 2 2 2 
2.987163e+03 
1 4 3 0 2 0 3 1 4 3 2 1 4 4 3 4 1 2 1 0 3 1 3 4 4 4 2 2 0 2 2 2 
2.987163e+03 
1 4 3 0 2 0 3 1 4 3 2 1 4 3 3 4 1 2 1 0 3 1 3 4 4 4 2 2 0 2 2 2 
2.987163e+03 
1 4 1 0 2 0 3 1 4 3 2 1 4 3 3 4 1 2 1 0 3 1 3 4 4 4 2 2 0 2 2 2 
2.987163e+03 
1 4 3 0 2 0 3 1 4 3 2 1 4 3 3 4 1 3 1 0 3 1 3 4 4 4 2 2 0 2 2 2 
2.987163e+03 
1 4 3 0 2 0 3 1 4 3 2 1 4 3 3 4 1 2 1 0 3 1 3 4 4 4 2 2 0 2 2 2 
2.987163e+03 
